62 5.096 3.499 1.397 0.199 "setosa"
62 4.899 3.002 1.392 0.205 "setosa"
62 4.7 3.2 1.268 0.192 "setosa"
62 4.589 3.084 1.522 0.19 "setosa"
62 5.006 3.609 1.415 0.198 "setosa"
62 5.391 3.893 1.696 0.395 "setosa"
62 4.596 3.389 1.41 0.292 "setosa"
62 5.008 3.402 1.513 0.19 "setosa"
62 4.393 2.903 1.404 0.207 "setosa"
62 4.905 3.103 1.507 0.122 "setosa"
62 5.391 3.708 1.503 0.185 "setosa"
62 4.795 3.387 1.594 0.196 "setosa"
62 4.801 3.011 1.43 0.106 "setosa"
62 4.304 2.999 1.109 0.105 "setosa"
62 5.794 4.001 1.19 0.197 "setosa"
62 5.696 4.407 1.508 0.392 "setosa"
62 5.405 3.891 1.298 0.394 "setosa"
62 5.112 3.51 1.395 0.297 "setosa"
62 5.693 3.809 1.714 0.318 "setosa"
62 5.112 3.802 1.497 0.283 "setosa"
62 5.393 3.406 1.71 0.193 "setosa"
62 5.1 3.698 1.492 0.398 "setosa"
62 4.608 3.609 1.017 0.197 "setosa"
62 5.087 3.295 1.717 0.504 "setosa"
62 4.798 3.426 1.905 0.203 "setosa"
62 4.998 3.007 1.611 0.199 "setosa"
62 5.02 3.408 1.613 0.383 "setosa"
62 5.207 3.496 1.51 0.23 "setosa"
62 5.196 3.387 1.39 0.197 "setosa"
62 4.723 3.195 1.594 0.217 "setosa"
62 4.792 3.102 1.593 0.197 "setosa"
62 5.4 3.4 1.5 0.399 "setosa"
62 5.211 4.125 1.503 0.093 "setosa"
62 5.47 4.176 1.398 0.193 "setosa"
62 4.912 3.103 1.511 0.19 "setosa"
62 4.995 3.195 1.214 0.205 "setosa"
62 5.518 3.505 1.303 0.211 "setosa"
62 4.912 3.603 1.411 0.096 "setosa"
62 4.4 3.002 1.284 0.179 "setosa"
62 5.09 3.397 1.504 0.193 "setosa"
62 4.999 3.497 1.288 0.286 "setosa"
62 4.507 2.302 1.296 0.296 "setosa"
62 4.397 3.201 1.29 0.195 "setosa"
62 5.001 3.48 1.6 0.599 "setosa"
62 5.097 3.813 1.905 0.404 "setosa"
62 4.772 2.989 1.389 0.305 "setosa"
62 5.111 3.797 1.595 0.207 "setosa"
62 4.592 3.181 1.396 0.185 "setosa"
62 5.309 3.699 1.485 0.196 "setosa"
62 4.989 3.301 1.407 0.198 "setosa"
62 7 3.19 4.694 1.393 "versicolor"
62 6.405 3.191 4.519 1.493 "versicolor"
62 6.907 3.099 4.9 1.502 "versicolor"
62 5.508 2.311 3.986 1.288 "versicolor"
62 6.493 2.806 4.604 1.509 "versicolor"
62 5.7 2.796 4.499 1.304 "versicolor"
62 6.286 3.295 4.699 1.591 "versicolor"
62 4.901 2.409 3.291 1.006 "versicolor"
62 6.579 2.903 4.604 1.299 "versicolor"
62 5.206 2.696 3.895 1.398 "versicolor"
62 4.999 1.989 3.522 1.011 "versicolor"
62 5.912 2.994 4.194 1.508 "versicolor"
62 5.99 2.186 3.99 0.991 "versicolor"
62 6.099 2.892 4.701 1.395 "versicolor"
62 5.602 2.886 3.607 1.303 "versicolor"
62 6.69 3.086 4.406 1.402 "versicolor"
62 5.594 2.997 4.517 1.512 "versicolor"
62 5.805 2.713 4.113 1.019 "versicolor"
62 6.189 2.196 4.505 1.495 "versicolor"
62 5.608 2.52 3.905 1.1 "versicolor"
62 5.905 3.188 4.783 1.78 "versicolor"
62 6.085 2.798 4.011 1.305 "versicolor"
62 6.312 2.511 4.887 1.504 "versicolor"
62 6.114 2.81 4.709 1.207 "versicolor"
62 6.392 2.907 4.331 1.312 "versicolor"
62 6.587 3.004 4.395 1.397 "versicolor"
62 6.807 2.797 4.782 1.396 "versicolor"
62 6.71 2.977 5.011 1.7 "versicolor"
62 5.984 2.878 4.504 1.494 "versicolor"
62 5.697 2.59 3.499 0.986 "versicolor"
62 5.5 2.411 3.796 1.085 "versicolor"
62 5.499 2.402 3.712 1 "versicolor"
62 5.784 2.693 3.898 1.203 "versicolor"
62 5.989 2.711 5.113 1.608 "versicolor"
62 5.409 3.004 4.487 1.503 "versicolor"
62 5.993 3.403 4.506 1.581 "versicolor"
62 6.699 3.102 4.681 1.501 "versicolor"
62 6.293 2.311 4.388 1.302 "versicolor"
62 5.588 2.979 4.096 1.287 "versicolor"
62 5.503 2.511 4.006 1.298 "versicolor"
62 5.494 2.591 4.408 1.189 "versicolor"
62 6.103 3.006 4.601 1.399 "versicolor"
62 5.807 2.597 3.978 1.192 "versicolor"
62 5.004 2.313 3.305 0.991 "versicolor"
62 5.599 2.707 4.197 1.286 "versicolor"
62 5.706 2.999 4.194 1.197 "versicolor"
62 5.7 2.889 4.209 1.288 "versicolor"
62 6.178 2.908 4.295 1.298 "versicolor"
62 5.093 2.5 3.002 1.097 "versicolor"
62 5.696 2.797 4.108 1.308 "versicolor"
62 6.286 3.292 5.983 2.5 "virginica"
62 5.801 2.685 5.09 1.897 "virginica"
62 7.106 3.003 5.907 2.1 "virginica"
62 6.278 2.912 5.59 1.805 "virginica"
62 6.489 2.981 5.81 2.193 "virginica"
62 7.604 3.006 6.602 2.103 "virginica"
62 4.896 2.485 4.509 1.71 "virginica"
62 7.29 2.894 6.295 1.801 "virginica"
62 6.722 2.492 5.81 1.796 "virginica"
62 7.205 3.582 6.091 2.502 "virginica"
62 6.492 3.186 5.108 1.995 "virginica"
62 6.395 2.693 5.307 1.884 "virginica"
62 6.801 3.003 5.495 2.095 "virginica"
62 5.705 2.505 5.005 1.982 "virginica"
62 5.802 2.811 5.092 2.383 "virginica"
62 6.402 3.204 5.283 2.293 "virginica"
62 6.498 3.006 5.506 1.794 "virginica"
62 7.694 3.793 6.701 2.19 "virginica"
62 7.693 2.606 6.911 2.293 "virginica"
62 5.988 2.211 5.001 1.518 "virginica"
62 6.884 3.201 5.687 2.3 "virginica"
62 5.588 2.796 4.89 1.988 "virginica"
62 7.684 2.792 6.698 1.989 "virginica"
62 6.282 2.708 4.912 1.807 "virginica"
62 6.708 3.297 5.702 2.083 "virginica"
62 7.208 3.199 5.994 1.795 "virginica"
62 6.183 2.806 4.807 1.811 "virginica"
62 6.091 2.999 4.904 1.805 "virginica"
62 6.39 2.78 5.612 2.091 "virginica"
62 7.207 3.002 5.794 1.604 "virginica"
62 7.395 2.8 6.114 1.897 "virginica"
62 7.904 3.784 6.401 2 "virginica"
62 6.389 2.792 5.604 2.204 "virginica"
62 6.282 2.8 5.102 1.513 "virginica"
62 6.097 2.593 5.612 1.396 "virginica"
62 7.697 2.985 6.114 2.288 "virginica"
62 6.303 3.418 5.594 2.394 "virginica"
62 6.404 3.113 5.509 1.815 "virginica"
62 5.995 2.99 4.8 1.795 "virginica"
62 6.909 3.105 5.413 2.089 "virginica"
62 6.692 3.091 5.602 2.398 "virginica"
62 6.906 3.081 5.104 2.318 "virginica"
62 5.802 2.696 5.087 1.898 "virginica"
62 6.806 3.189 5.893 2.3 "virginica"
62 6.715 3.3 5.711 2.486 "virginica"
62 6.697 3.004 5.206 2.29 "virginica"
62 6.29 2.503 4.998 1.889 "virginica"
62 6.488 2.97 5.199 2.003 "virginica"
62 6.193 3.376 5.413 2.304 "virginica"
62 5.891 2.986 5.109 1.797 "virginica"
