91 5.106 3.51 1.412 0.201 "setosa"
91 4.898 2.996 1.413 0.219 "setosa"
91 4.713 3.193 1.293 0.189 "setosa"
91 4.604 3.109 1.49 0.177 "setosa"
91 4.993 3.614 1.394 0.205 "setosa"
91 5.409 3.917 1.695 0.393 "setosa"
91 4.606 3.41 1.411 0.293 "setosa"
91 4.984 3.411 1.506 0.203 "setosa"
91 4.428 2.886 1.394 0.203 "setosa"
91 4.885 3.09 1.502 0.08 "setosa"
91 5.391 3.708 1.515 0.187 "setosa"
91 4.793 3.391 1.592 0.186 "setosa"
91 4.792 2.991 1.412 0.118 "setosa"
91 4.302 3.003 1.101 0.102 "setosa"
91 5.781 4.005 1.206 0.191 "setosa"
91 5.682 4.388 1.509 0.395 "setosa"
91 5.395 3.919 1.287 0.408 "setosa"
91 5.101 3.509 1.391 0.306 "setosa"
91 5.714 3.8 1.701 0.309 "setosa"
91 5.095 3.795 1.497 0.313 "setosa"
91 5.396 3.403 1.703 0.185 "setosa"
91 5.088 3.711 1.511 0.407 "setosa"
91 4.612 3.608 1.007 0.198 "setosa"
91 5.105 3.311 1.698 0.503 "setosa"
91 4.775 3.396 1.899 0.213 "setosa"
91 5.007 3.007 1.607 0.179 "setosa"
91 4.997 3.404 1.588 0.393 "setosa"
91 5.182 3.512 1.485 0.173 "setosa"
91 5.213 3.389 1.385 0.194 "setosa"
91 4.689 3.196 1.592 0.203 "setosa"
91 4.797 3.095 1.595 0.205 "setosa"
91 5.418 3.414 1.487 0.413 "setosa"
91 5.194 4.108 1.502 0.095 "setosa"
91 5.494 4.184 1.394 0.22 "setosa"
91 4.895 3.093 1.497 0.187 "setosa"
91 4.975 3.2 1.198 0.203 "setosa"
91 5.507 3.518 1.299 0.184 "setosa"
91 4.898 3.598 1.396 0.079 "setosa"
91 4.39 3.021 1.281 0.198 "setosa"
91 5.118 3.39 1.474 0.187 "setosa"
91 5.002 3.504 1.306 0.293 "setosa"
91 4.493 2.309 1.303 0.287 "setosa"
91 4.394 3.194 1.295 0.192 "setosa"
91 4.99 3.502 1.608 0.603 "setosa"
91 5.087 3.809 1.901 0.392 "setosa"
91 4.817 2.999 1.398 0.309 "setosa"
91 5.081 3.793 1.603 0.206 "setosa"
91 4.601 3.2 1.392 0.209 "setosa"
91 5.289 3.704 1.485 0.194 "setosa"
91 4.992 3.299 1.402 0.194 "setosa"
91 6.992 3.202 4.709 1.398 "versicolor"
91 6.391 3.187 4.493 1.498 "versicolor"
91 6.88 3.107 4.911 1.485 "versicolor"
91 5.499 2.289 4.013 1.283 "versicolor"
91 6.506 2.781 4.612 1.502 "versicolor"
91 5.709 2.819 4.491 1.298 "versicolor"
91 6.289 3.29 4.693 1.594 "versicolor"
91 4.907 2.409 3.305 1.014 "versicolor"
91 6.574 2.907 4.603 1.282 "versicolor"
91 5.218 2.7 3.909 1.396 "versicolor"
91 4.993 1.998 3.498 1.002 "versicolor"
91 5.894 3.009 4.214 1.512 "versicolor"
91 6.011 2.184 3.993 0.985 "versicolor"
91 6.105 2.901 4.716 1.397 "versicolor"
91 5.61 2.91 3.583 1.302 "versicolor"
91 6.694 3.104 4.422 1.41 "versicolor"
91 5.582 2.99 4.488 1.505 "versicolor"
91 5.802 2.718 4.098 0.996 "versicolor"
91 6.192 2.185 4.488 1.49 "versicolor"
91 5.615 2.505 3.9 1.09 "versicolor"
91 5.902 3.202 4.803 1.815 "versicolor"
91 6.114 2.796 3.999 1.311 "versicolor"
91 6.302 2.504 4.891 1.491 "versicolor"
91 6.102 2.802 4.694 1.199 "versicolor"
91 6.406 2.901 4.303 1.312 "versicolor"
91 6.618 3.013 4.404 1.384 "versicolor"
91 6.804 2.793 4.81 1.398 "versicolor"
91 6.703 2.999 5 1.684 "versicolor"
91 5.998 2.911 4.482 1.498 "versicolor"
91 5.714 2.594 3.487 1.003 "versicolor"
91 5.505 2.386 3.804 1.108 "versicolor"
91 5.492 2.377 3.702 1.007 "versicolor"
91 5.795 2.714 3.898 1.194 "versicolor"
91 5.982 2.681 5.095 1.593 "versicolor"
91 5.389 2.998 4.511 1.49 "versicolor"
91 5.992 3.395 4.509 1.599 "versicolor"
91 6.699 3.103 4.698 1.521 "versicolor"
91 6.294 2.286 4.401 1.306 "versicolor"
91 5.599 2.995 4.096 1.301 "versicolor"
91 5.511 2.497 4.013 1.304 "versicolor"
91 5.511 2.607 4.39 1.212 "versicolor"
91 6.106 2.991 4.59 1.4 "versicolor"
91 5.787 2.596 4.002 1.199 "versicolor"
91 4.998 2.29 3.315 1.027 "versicolor"
91 5.601 2.694 4.218 1.303 "versicolor"
91 5.699 3.003 4.203 1.207 "versicolor"
91 5.709 2.905 4.214 1.282 "versicolor"
91 6.217 2.888 4.298 1.296 "versicolor"
91 5.108 2.506 3.014 1.089 "versicolor"
91 5.705 2.791 4.112 1.287 "versicolor"
91 6.295 3.314 5.994 2.51 "virginica"
91 5.818 2.688 5.091 1.886 "virginica"
91 7.08 3.003 5.896 2.096 "virginica"
91 6.289 2.899 5.606 1.802 "virginica"
91 6.502 2.988 5.808 2.208 "virginica"
91 7.566 2.997 6.583 2.1 "virginica"
91 4.888 2.497 4.504 1.695 "virginica"
91 7.313 2.899 6.301 1.784 "virginica"
91 6.702 2.51 5.796 1.804 "virginica"
91 7.205 3.595 6.097 2.491 "virginica"
91 6.478 3.197 5.109 1.994 "virginica"
91 6.392 2.7 5.296 1.901 "virginica"
91 6.809 3.01 5.504 2.107 "virginica"
91 5.695 2.494 5 2.003 "virginica"
91 5.783 2.802 5.132 2.416 "virginica"
91 6.394 3.187 5.299 2.29 "virginica"
91 6.489 3.006 5.49 1.796 "virginica"
91 7.697 3.808 6.703 2.202 "virginica"
91 7.71 2.606 6.881 2.289 "virginica"
91 6.005 2.189 4.992 1.495 "virginica"
91 6.898 3.205 5.696 2.306 "virginica"
91 5.606 2.8 4.895 2.002 "virginica"
91 7.706 2.795 6.692 1.994 "virginica"
91 6.287 2.719 4.898 1.803 "virginica"
91 6.698 3.298 5.707 2.083 "virginica"
91 7.187 3.187 6.002 1.809 "virginica"
91 6.217 2.795 4.807 1.817 "virginica"
91 6.105 2.999 4.901 1.816 "virginica"
91 6.418 2.813 5.606 2.107 "virginica"
91 7.207 2.985 5.811 1.593 "virginica"
91 7.409 2.802 6.084 1.898 "virginica"
91 7.917 3.802 6.397 2.021 "virginica"
91 6.38 2.808 5.602 2.2 "virginica"
91 6.304 2.803 5.111 1.486 "virginica"
91 6.096 2.588 5.62 1.396 "virginica"
91 7.705 2.997 6.115 2.302 "virginica"
91 6.294 3.399 5.593 2.385 "virginica"
91 6.401 3.104 5.503 1.802 "virginica"
91 6.004 3.005 4.781 1.786 "virginica"
91 6.896 3.089 5.403 2.089 "virginica"
91 6.696 3.082 5.613 2.405 "virginica"
91 6.913 3.1 5.108 2.304 "virginica"
91 5.797 2.682 5.101 1.909 "virginica"
91 6.82 3.192 5.89 2.286 "virginica"
91 6.69 3.303 5.697 2.504 "virginica"
91 6.703 2.997 5.208 2.307 "virginica"
91 6.297 2.505 4.997 1.885 "virginica"
91 6.497 2.988 5.201 2.004 "virginica"
91 6.212 3.391 5.39 2.3 "virginica"
91 5.916 2.997 5.101 1.823 "virginica"
