37 5.114 3.494 1.407 0.193 "setosa"
37 4.896 2.995 1.388 0.195 "setosa"
37 4.699 3.182 1.289 0.203 "setosa"
37 4.595 3.084 1.507 0.205 "setosa"
37 4.99 3.605 1.399 0.214 "setosa"
37 5.388 3.891 1.711 0.42 "setosa"
37 4.599 3.409 1.422 0.307 "setosa"
37 5.007 3.421 1.5 0.207 "setosa"
37 4.402 2.907 1.41 0.191 "setosa"
37 4.899 3.102 1.503 0.111 "setosa"
37 5.398 3.713 1.483 0.197 "setosa"
37 4.816 3.401 1.614 0.212 "setosa"
37 4.821 2.995 1.404 0.106 "setosa"
37 4.307 2.991 1.107 0.093 "setosa"
37 5.804 4.008 1.2 0.198 "setosa"
37 5.69 4.407 1.494 0.399 "setosa"
37 5.396 3.917 1.303 0.425 "setosa"
37 5.11 3.483 1.42 0.299 "setosa"
37 5.685 3.79 1.709 0.284 "setosa"
37 5.091 3.795 1.497 0.286 "setosa"
37 5.388 3.415 1.695 0.207 "setosa"
37 5.098 3.71 1.487 0.393 "setosa"
37 4.606 3.595 1.033 0.196 "setosa"
37 5.083 3.314 1.705 0.502 "setosa"
37 4.792 3.407 1.888 0.18 "setosa"
37 4.998 3.015 1.582 0.199 "setosa"
37 4.995 3.413 1.59 0.402 "setosa"
37 5.197 3.502 1.489 0.196 "setosa"
37 5.189 3.408 1.378 0.199 "setosa"
37 4.71 3.209 1.586 0.195 "setosa"
37 4.789 3.113 1.604 0.216 "setosa"
37 5.383 3.397 1.479 0.388 "setosa"
37 5.202 4.093 1.503 0.109 "setosa"
37 5.494 4.192 1.413 0.216 "setosa"
37 4.92 3.108 1.487 0.204 "setosa"
37 4.994 3.212 1.196 0.205 "setosa"
37 5.507 3.501 1.318 0.211 "setosa"
37 4.905 3.618 1.393 0.079 "setosa"
37 4.398 3.004 1.3 0.203 "setosa"
37 5.104 3.399 1.513 0.184 "setosa"
37 4.983 3.495 1.299 0.298 "setosa"
37 4.504 2.289 1.306 0.283 "setosa"
37 4.402 3.206 1.3 0.199 "setosa"
37 4.992 3.497 1.613 0.61 "setosa"
37 5.096 3.813 1.919 0.406 "setosa"
37 4.803 2.992 1.412 0.305 "setosa"
37 5.089 3.811 1.585 0.189 "setosa"
37 4.579 3.203 1.394 0.206 "setosa"
37 5.293 3.706 1.507 0.197 "setosa"
37 5.015 3.287 1.393 0.209 "setosa"
37 6.993 3.199 4.697 1.406 "versicolor"
37 6.406 3.197 4.507 1.491 "versicolor"
37 6.902 3.094 4.894 1.495 "versicolor"
37 5.486 2.296 3.996 1.3 "versicolor"
37 6.501 2.793 4.595 1.478 "versicolor"
37 5.69 2.796 4.493 1.295 "versicolor"
37 6.294 3.287 4.712 1.615 "versicolor"
37 4.908 2.402 3.296 1.011 "versicolor"
37 6.615 2.89 4.614 1.301 "versicolor"
37 5.2 2.686 3.893 1.391 "versicolor"
37 4.996 2.016 3.508 1.004 "versicolor"
37 5.89 3.006 4.222 1.509 "versicolor"
37 5.984 2.226 4.006 0.997 "versicolor"
37 6.104 2.902 4.69 1.399 "versicolor"
37 5.609 2.89 3.604 1.302 "versicolor"
37 6.7 3.096 4.396 1.386 "versicolor"
37 5.602 2.999 4.516 1.491 "versicolor"
37 5.787 2.708 4.087 0.988 "versicolor"
37 6.209 2.202 4.497 1.499 "versicolor"
37 5.594 2.496 3.903 1.115 "versicolor"
37 5.906 3.198 4.806 1.784 "versicolor"
37 6.084 2.79 4 1.3 "versicolor"
37 6.302 2.507 4.904 1.504 "versicolor"
37 6.089 2.798 4.702 1.19 "versicolor"
37 6.421 2.897 4.287 1.309 "versicolor"
37 6.609 3.024 4.391 1.394 "versicolor"
37 6.795 2.789 4.785 1.401 "versicolor"
37 6.708 3.005 5.009 1.679 "versicolor"
37 5.998 2.914 4.513 1.5 "versicolor"
37 5.7 2.599 3.478 1.011 "versicolor"
37 5.483 2.41 3.789 1.079 "versicolor"
37 5.493 2.411 3.69 1.019 "versicolor"
37 5.791 2.712 3.9 1.198 "versicolor"
37 5.992 2.688 5.097 1.589 "versicolor"
37 5.403 3.002 4.486 1.501 "versicolor"
37 5.998 3.395 4.511 1.583 "versicolor"
37 6.703 3.081 4.705 1.506 "versicolor"
37 6.309 2.288 4.412 1.285 "versicolor"
37 5.604 3.009 4.102 1.296 "versicolor"
37 5.512 2.495 3.995 1.291 "versicolor"
37 5.492 2.604 4.412 1.195 "versicolor"
37 6.103 2.987 4.608 1.399 "versicolor"
37 5.803 2.58 4.004 1.19 "versicolor"
37 5.004 2.305 3.3 0.99 "versicolor"
37 5.59 2.703 4.176 1.299 "versicolor"
37 5.712 2.98 4.197 1.214 "versicolor"
37 5.696 2.898 4.193 1.309 "versicolor"
37 6.198 2.897 4.296 1.283 "versicolor"
37 5.102 2.499 3.021 1.109 "versicolor"
37 5.71 2.802 4.098 1.297 "versicolor"
37 6.296 3.299 6 2.493 "virginica"
37 5.803 2.685 5.09 1.906 "virginica"
37 7.095 2.991 5.896 2.111 "virginica"
37 6.325 2.903 5.612 1.809 "virginica"
37 6.513 3.011 5.798 2.2 "virginica"
37 7.598 2.978 6.586 2.096 "virginica"
37 4.895 2.509 4.513 1.707 "virginica"
37 7.305 2.891 6.302 1.792 "virginica"
37 6.693 2.495 5.785 1.785 "virginica"
37 7.196 3.595 6.112 2.488 "virginica"
37 6.491 3.191 5.096 2.011 "virginica"
37 6.392 2.702 5.281 1.905 "virginica"
37 6.823 2.996 5.508 2.099 "virginica"
37 5.705 2.502 4.988 1.999 "virginica"
37 5.798 2.796 5.099 2.399 "virginica"
37 6.381 3.185 5.292 2.294 "virginica"
37 6.504 3.002 5.505 1.797 "virginica"
37 7.718 3.802 6.689 2.222 "virginica"
37 7.685 2.612 6.899 2.305 "virginica"
37 6.011 2.208 4.997 1.504 "virginica"
37 6.894 3.211 5.722 2.301 "virginica"
37 5.597 2.809 4.899 1.993 "virginica"
37 7.706 2.817 6.702 2.022 "virginica"
37 6.293 2.702 4.892 1.802 "virginica"
37 6.705 3.301 5.696 2.107 "virginica"
37 7.214 3.212 6 1.795 "virginica"
37 6.202 2.8 4.803 1.799 "virginica"
37 6.089 3.006 4.916 1.826 "virginica"
37 6.395 2.785 5.602 2.107 "virginica"
37 7.199 3.016 5.781 1.595 "virginica"
37 7.42 2.793 6.095 1.895 "virginica"
37 7.896 3.786 6.385 2.005 "virginica"
37 6.403 2.793 5.598 2.193 "virginica"
37 6.314 2.788 5.105 1.506 "virginica"
37 6.111 2.617 5.582 1.403 "virginica"
37 7.708 3.004 6.101 2.288 "virginica"
37 6.297 3.401 5.584 2.391 "virginica"
37 6.396 3.098 5.5 1.809 "virginica"
37 5.975 3.004 4.795 1.784 "virginica"
37 6.882 3.11 5.393 2.1 "virginica"
37 6.707 3.102 5.607 2.394 "virginica"
37 6.903 3.094 5.108 2.278 "virginica"
37 5.785 2.717 5.114 1.912 "virginica"
37 6.793 3.225 5.882 2.28 "virginica"
37 6.71 3.296 5.692 2.508 "virginica"
37 6.695 2.996 5.209 2.297 "virginica"
37 6.284 2.504 4.995 1.896 "virginica"
37 6.524 3.005 5.201 1.996 "virginica"
37 6.2 3.392 5.432 2.291 "virginica"
37 5.906 3.005 5.111 1.781 "virginica"
