77 5.099 3.503 1.395 0.222 "setosa"
77 4.907 3.006 1.411 0.202 "setosa"
77 4.687 3.192 1.306 0.204 "setosa"
77 4.598 3.087 1.511 0.213 "setosa"
77 5.009 3.604 1.41 0.194 "setosa"
77 5.388 3.898 1.702 0.4 "setosa"
77 4.601 3.399 1.383 0.3 "setosa"
77 5.005 3.406 1.506 0.196 "setosa"
77 4.395 2.89 1.405 0.198 "setosa"
77 4.9 3.084 1.502 0.112 "setosa"
77 5.395 3.716 1.495 0.193 "setosa"
77 4.797 3.388 1.593 0.193 "setosa"
77 4.79 3.01 1.408 0.108 "setosa"
77 4.302 3 1.105 0.105 "setosa"
77 5.8 4.017 1.201 0.225 "setosa"
77 5.704 4.403 1.512 0.395 "setosa"
77 5.391 3.901 1.306 0.394 "setosa"
77 5.107 3.505 1.376 0.298 "setosa"
77 5.698 3.791 1.708 0.289 "setosa"
77 5.106 3.817 1.498 0.281 "setosa"
77 5.395 3.399 1.707 0.205 "setosa"
77 5.117 3.703 1.507 0.394 "setosa"
77 4.607 3.611 0.995 0.211 "setosa"
77 5.089 3.293 1.7 0.505 "setosa"
77 4.8 3.395 1.901 0.213 "setosa"
77 5.006 3.001 1.623 0.201 "setosa"
77 4.998 3.398 1.603 0.404 "setosa"
77 5.196 3.51 1.504 0.187 "setosa"
77 5.217 3.406 1.404 0.189 "setosa"
77 4.669 3.193 1.593 0.19 "setosa"
77 4.81 3.098 1.589 0.194 "setosa"
77 5.391 3.406 1.498 0.39 "setosa"
77 5.197 4.087 1.502 0.095 "setosa"
77 5.526 4.184 1.41 0.186 "setosa"
77 4.907 3.119 1.509 0.206 "setosa"
77 5.012 3.198 1.194 0.192 "setosa"
77 5.491 3.48 1.301 0.196 "setosa"
77 4.904 3.602 1.396 0.103 "setosa"
77 4.404 3.001 1.286 0.182 "setosa"
77 5.101 3.413 1.519 0.212 "setosa"
77 5.012 3.499 1.306 0.314 "setosa"
77 4.495 2.292 1.3 0.281 "setosa"
77 4.404 3.206 1.287 0.215 "setosa"
77 5.01 3.492 1.613 0.586 "setosa"
77 5.094 3.797 1.884 0.402 "setosa"
77 4.812 3.004 1.384 0.321 "setosa"
77 5.096 3.78 1.6 0.203 "setosa"
77 4.596 3.206 1.421 0.191 "setosa"
77 5.313 3.712 1.504 0.187 "setosa"
77 5.01 3.294 1.401 0.2 "setosa"
77 7.003 3.207 4.694 1.382 "versicolor"
77 6.396 3.2 4.495 1.49 "versicolor"
77 6.892 3.098 4.895 1.509 "versicolor"
77 5.492 2.307 3.999 1.281 "versicolor"
77 6.504 2.791 4.604 1.504 "versicolor"
77 5.699 2.784 4.512 1.293 "versicolor"
77 6.298 3.304 4.686 1.59 "versicolor"
77 4.912 2.411 3.301 0.992 "versicolor"
77 6.619 2.891 4.612 1.307 "versicolor"
77 5.195 2.702 3.891 1.385 "versicolor"
77 5.003 2.001 3.491 1 "versicolor"
77 5.908 3.011 4.2 1.501 "versicolor"
77 5.997 2.202 4.006 1.004 "versicolor"
77 6.093 2.893 4.7 1.407 "versicolor"
77 5.589 2.89 3.591 1.299 "versicolor"
77 6.707 3.097 4.402 1.384 "versicolor"
77 5.601 2.971 4.535 1.481 "versicolor"
77 5.789 2.704 4.109 1.007 "versicolor"
77 6.197 2.192 4.508 1.495 "versicolor"
77 5.604 2.492 3.909 1.101 "versicolor"
77 5.906 3.196 4.809 1.801 "versicolor"
77 6.112 2.807 3.993 1.273 "versicolor"
77 6.296 2.474 4.901 1.504 "versicolor"
77 6.1 2.801 4.685 1.194 "versicolor"
77 6.392 2.895 4.299 1.305 "versicolor"
77 6.604 2.973 4.406 1.4 "versicolor"
77 6.804 2.806 4.808 1.388 "versicolor"
77 6.698 3.008 5.008 1.71 "versicolor"
77 6 2.888 4.495 1.485 "versicolor"
77 5.707 2.612 3.491 1.011 "versicolor"
77 5.475 2.393 3.806 1.107 "versicolor"
77 5.511 2.411 3.692 1.006 "versicolor"
77 5.804 2.7 3.896 1.188 "versicolor"
77 5.985 2.702 5.089 1.613 "versicolor"
77 5.403 2.997 4.496 1.504 "versicolor"
77 6.009 3.402 4.481 1.591 "versicolor"
77 6.703 3.093 4.704 1.484 "versicolor"
77 6.295 2.308 4.402 1.294 "versicolor"
77 5.598 3.008 4.097 1.308 "versicolor"
77 5.496 2.488 4.009 1.312 "versicolor"
77 5.496 2.587 4.398 1.208 "versicolor"
77 6.107 3.016 4.597 1.376 "versicolor"
77 5.807 2.617 4.013 1.189 "versicolor"
77 4.975 2.304 3.3 0.999 "versicolor"
77 5.601 2.705 4.2 1.288 "versicolor"
77 5.704 2.996 4.199 1.202 "versicolor"
77 5.704 2.9 4.205 1.298 "versicolor"
77 6.198 2.887 4.304 1.306 "versicolor"
77 5.098 2.499 3.001 1.123 "versicolor"
77 5.709 2.793 4.111 1.316 "versicolor"
77 6.31 3.296 6.012 2.513 "virginica"
77 5.796 2.698 5.113 1.897 "virginica"
77 7.104 2.986 5.892 2.099 "virginica"
77 6.297 2.907 5.596 1.801 "virginica"
77 6.485 2.999 5.798 2.184 "virginica"
77 7.598 2.992 6.608 2.105 "virginica"
77 4.89 2.488 4.498 1.706 "virginica"
77 7.305 2.915 6.279 1.799 "virginica"
77 6.682 2.515 5.812 1.796 "virginica"
77 7.209 3.601 6.103 2.489 "virginica"
77 6.507 3.198 5.102 1.996 "virginica"
77 6.396 2.713 5.32 1.89 "virginica"
77 6.783 2.997 5.498 2.085 "virginica"
77 5.706 2.504 5.006 1.997 "virginica"
77 5.807 2.798 5.095 2.416 "virginica"
77 6.388 3.197 5.289 2.31 "virginica"
77 6.507 2.999 5.513 1.822 "virginica"
77 7.693 3.791 6.702 2.203 "virginica"
77 7.7 2.599 6.909 2.295 "virginica"
77 5.991 2.193 5.01 1.497 "virginica"
77 6.893 3.201 5.709 2.3 "virginica"
77 5.611 2.783 4.899 2.002 "virginica"
77 7.696 2.796 6.704 1.996 "virginica"
77 6.308 2.699 4.898 1.787 "virginica"
77 6.701 3.286 5.714 2.115 "virginica"
77 7.207 3.216 6.003 1.794 "virginica"
77 6.201 2.802 4.784 1.795 "virginica"
77 6.115 2.988 4.896 1.808 "virginica"
77 6.416 2.796 5.597 2.13 "virginica"
77 7.204 2.993 5.811 1.595 "virginica"
77 7.387 2.809 6.107 1.883 "virginica"
77 7.891 3.795 6.402 2.007 "virginica"
77 6.399 2.811 5.593 2.201 "virginica"
77 6.291 2.802 5.098 1.485 "virginica"
77 6.092 2.613 5.595 1.404 "virginica"
77 7.703 2.994 6.093 2.29 "virginica"
77 6.301 3.399 5.595 2.388 "virginica"
77 6.388 3.094 5.512 1.809 "virginica"
77 6.01 3.018 4.804 1.807 "virginica"
77 6.886 3.091 5.397 2.104 "virginica"
77 6.69 3.102 5.603 2.407 "virginica"
77 6.89 3.086 5.101 2.283 "virginica"
77 5.787 2.697 5.102 1.897 "virginica"
77 6.81 3.196 5.916 2.298 "virginica"
77 6.683 3.303 5.702 2.501 "virginica"
77 6.707 3.017 5.193 2.314 "virginica"
77 6.292 2.473 5.006 1.912 "virginica"
77 6.494 2.991 5.185 2.013 "virginica"
77 6.187 3.404 5.412 2.285 "virginica"
77 5.884 2.992 5.105 1.784 "virginica"
