6 5.115 3.5 1.415 0.203 "setosa"
6 4.89 2.994 1.4 0.207 "setosa"
6 4.725 3.198 1.327 0.188 "setosa"
6 4.598 3.093 1.51 0.211 "setosa"
6 5.008 3.603 1.404 0.208 "setosa"
6 5.397 3.911 1.696 0.398 "setosa"
6 4.589 3.382 1.387 0.3 "setosa"
6 5.006 3.412 1.486 0.204 "setosa"
6 4.414 2.895 1.397 0.197 "setosa"
6 4.89 3.095 1.504 0.102 "setosa"
6 5.405 3.703 1.488 0.204 "setosa"
6 4.777 3.398 1.61 0.191 "setosa"
6 4.799 3.014 1.405 0.103 "setosa"
6 4.303 3.004 1.111 0.107 "setosa"
6 5.81 4.001 1.196 0.2 "setosa"
6 5.695 4.409 1.474 0.391 "setosa"
6 5.377 3.894 1.303 0.41 "setosa"
6 5.095 3.498 1.393 0.305 "setosa"
6 5.715 3.815 1.692 0.294 "setosa"
6 5.1 3.808 1.499 0.301 "setosa"
6 5.404 3.414 1.725 0.218 "setosa"
6 5.107 3.693 1.498 0.384 "setosa"
6 4.604 3.616 0.996 0.205 "setosa"
6 5.098 3.287 1.703 0.51 "setosa"
6 4.791 3.412 1.908 0.208 "setosa"
6 5.004 2.995 1.605 0.19 "setosa"
6 4.991 3.398 1.587 0.396 "setosa"
6 5.2 3.504 1.494 0.18 "setosa"
6 5.204 3.387 1.396 0.193 "setosa"
6 4.701 3.196 1.59 0.204 "setosa"
6 4.804 3.1 1.59 0.199 "setosa"
6 5.383 3.386 1.504 0.402 "setosa"
6 5.203 4.071 1.503 0.102 "setosa"
6 5.49 4.221 1.402 0.188 "setosa"
6 4.903 3.11 1.492 0.2 "setosa"
6 5.011 3.204 1.201 0.181 "setosa"
6 5.511 3.499 1.299 0.212 "setosa"
6 4.892 3.6 1.396 0.085 "setosa"
6 4.392 2.987 1.305 0.214 "setosa"
6 5.094 3.393 1.501 0.199 "setosa"
6 4.987 3.5 1.301 0.315 "setosa"
6 4.491 2.298 1.303 0.312 "setosa"
6 4.388 3.2 1.28 0.178 "setosa"
6 5.005 3.515 1.608 0.601 "setosa"
6 5.098 3.791 1.907 0.402 "setosa"
6 4.794 3 1.403 0.306 "setosa"
6 5.112 3.811 1.593 0.195 "setosa"
6 4.595 3.194 1.403 0.198 "setosa"
6 5.31 3.697 1.489 0.22 "setosa"
6 4.994 3.302 1.408 0.206 "setosa"
6 6.984 3.195 4.687 1.404 "versicolor"
6 6.402 3.212 4.498 1.502 "versicolor"
6 6.902 3.099 4.898 1.494 "versicolor"
6 5.503 2.293 3.994 1.298 "versicolor"
6 6.486 2.786 4.599 1.497 "versicolor"
6 5.689 2.809 4.493 1.298 "versicolor"
6 6.301 3.298 4.699 1.604 "versicolor"
6 4.9 2.39 3.309 0.997 "versicolor"
6 6.586 2.893 4.602 1.296 "versicolor"
6 5.186 2.707 3.893 1.392 "versicolor"
6 5.003 1.995 3.505 1.012 "versicolor"
6 5.906 3.009 4.209 1.494 "versicolor"
6 6.022 2.207 4.016 1.002 "versicolor"
6 6.103 2.912 4.684 1.398 "versicolor"
6 5.597 2.918 3.602 1.307 "versicolor"
6 6.685 3.103 4.397 1.393 "versicolor"
6 5.586 3.02 4.512 1.498 "versicolor"
6 5.786 2.689 4.099 1 "versicolor"
6 6.193 2.196 4.474 1.5 "versicolor"
6 5.585 2.506 3.898 1.081 "versicolor"
6 5.907 3.191 4.797 1.8 "versicolor"
6 6.106 2.787 3.997 1.302 "versicolor"
6 6.312 2.502 4.891 1.498 "versicolor"
6 6.096 2.801 4.703 1.21 "versicolor"
6 6.415 2.896 4.291 1.284 "versicolor"
6 6.602 3.014 4.409 1.414 "versicolor"
6 6.804 2.798 4.795 1.391 "versicolor"
6 6.69 3.002 4.99 1.713 "versicolor"
6 6.01 2.897 4.478 1.512 "versicolor"
6 5.707 2.587 3.499 0.996 "versicolor"
6 5.504 2.386 3.806 1.126 "versicolor"
6 5.491 2.414 3.686 0.993 "versicolor"
6 5.805 2.703 3.898 1.196 "versicolor"
6 5.98 2.705 5.096 1.599 "versicolor"
6 5.379 3.007 4.501 1.494 "versicolor"
6 5.996 3.423 4.511 1.59 "versicolor"
6 6.702 3.1 4.687 1.497 "versicolor"
6 6.297 2.296 4.386 1.289 "versicolor"
6 5.586 3.003 4.086 1.292 "versicolor"
6 5.509 2.494 3.996 1.292 "versicolor"
6 5.488 2.589 4.397 1.191 "versicolor"
6 6.094 3.001 4.622 1.391 "versicolor"
6 5.805 2.6 3.976 1.212 "versicolor"
6 5.001 2.302 3.297 1.007 "versicolor"
6 5.616 2.706 4.191 1.315 "versicolor"
6 5.702 2.99 4.191 1.185 "versicolor"
6 5.703 2.884 4.2 1.312 "versicolor"
6 6.211 2.891 4.314 1.307 "versicolor"
6 5.096 2.503 2.991 1.103 "versicolor"
6 5.701 2.798 4.105 1.29 "versicolor"
6 6.283 3.292 5.981 2.503 "virginica"
6 5.818 2.684 5.101 1.895 "virginica"
6 7.096 2.992 5.89 2.096 "virginica"
6 6.292 2.886 5.593 1.8 "virginica"
6 6.499 2.999 5.807 2.189 "virginica"
6 7.594 2.988 6.597 2.111 "virginica"
6 4.902 2.51 4.494 1.706 "virginica"
6 7.306 2.919 6.298 1.793 "virginica"
6 6.682 2.511 5.81 1.807 "virginica"
6 7.201 3.603 6.098 2.488 "virginica"
6 6.504 3.208 5.111 2.004 "virginica"
6 6.393 2.711 5.307 1.897 "virginica"
6 6.798 3.002 5.495 2.115 "virginica"
6 5.708 2.507 5.006 1.986 "virginica"
6 5.807 2.813 5.101 2.39 "virginica"
6 6.374 3.211 5.276 2.301 "virginica"
6 6.516 2.997 5.5 1.789 "virginica"
6 7.705 3.809 6.697 2.216 "virginica"
6 7.707 2.582 6.91 2.302 "virginica"
6 6.014 2.193 4.994 1.504 "virginica"
6 6.909 3.175 5.698 2.287 "virginica"
6 5.621 2.791 4.889 2.02 "virginica"
6 7.703 2.804 6.695 2.02 "virginica"
6 6.308 2.681 4.896 1.81 "virginica"
6 6.705 3.3 5.701 2.088 "virginica"
6 7.204 3.208 6.016 1.787 "virginica"
6 6.206 2.801 4.793 1.816 "virginica"
6 6.111 3.004 4.896 1.807 "virginica"
6 6.393 2.801 5.611 2.112 "virginica"
6 7.192 2.991 5.785 1.587 "virginica"
6 7.42 2.798 6.105 1.889 "virginica"
6 7.902 3.806 6.387 2.002 "virginica"
6 6.39 2.806 5.591 2.208 "virginica"
6 6.306 2.789 5.1 1.501 "virginica"
6 6.099 2.6 5.618 1.405 "virginica"
6 7.689 2.987 6.085 2.307 "virginica"
6 6.307 3.407 5.613 2.401 "virginica"
6 6.4 3.113 5.51 1.813 "virginica"
6 5.993 3.004 4.81 1.795 "virginica"
6 6.897 3.094 5.41 2.087 "virginica"
6 6.708 3.092 5.597 2.385 "virginica"
6 6.9 3.123 5.089 2.304 "virginica"
6 5.813 2.692 5.114 1.905 "virginica"
6 6.781 3.2 5.904 2.291 "virginica"
6 6.694 3.324 5.681 2.506 "virginica"
6 6.702 2.995 5.198 2.297 "virginica"
6 6.301 2.504 4.992 1.917 "virginica"
6 6.496 3.011 5.193 1.989 "virginica"
6 6.186 3.403 5.38 2.303 "virginica"
6 5.905 2.998 5.087 1.792 "virginica"
