50 5.105 3.507 1.398 0.196 "setosa"
50 4.897 3.004 1.411 0.196 "setosa"
50 4.688 3.202 1.305 0.188 "setosa"
50 4.585 3.087 1.51 0.198 "setosa"
50 4.997 3.612 1.387 0.185 "setosa"
50 5.391 3.901 1.682 0.409 "setosa"
50 4.61 3.414 1.41 0.288 "setosa"
50 5.009 3.4 1.49 0.211 "setosa"
50 4.394 2.891 1.416 0.203 "setosa"
50 4.89 3.118 1.485 0.089 "setosa"
50 5.404 3.691 1.515 0.216 "setosa"
50 4.791 3.381 1.598 0.213 "setosa"
50 4.791 3.005 1.395 0.1 "setosa"
50 4.293 2.986 1.094 0.078 "setosa"
50 5.787 3.985 1.209 0.194 "setosa"
50 5.705 4.387 1.488 0.404 "setosa"
50 5.416 3.905 1.308 0.399 "setosa"
50 5.079 3.495 1.396 0.301 "setosa"
50 5.704 3.79 1.718 0.306 "setosa"
50 5.085 3.79 1.496 0.293 "setosa"
50 5.397 3.417 1.703 0.197 "setosa"
50 5.089 3.697 1.49 0.413 "setosa"
50 4.608 3.578 1 0.198 "setosa"
50 5.096 3.294 1.711 0.492 "setosa"
50 4.802 3.393 1.89 0.197 "setosa"
50 4.985 3.017 1.584 0.192 "setosa"
50 4.994 3.405 1.612 0.389 "setosa"
50 5.201 3.495 1.509 0.204 "setosa"
50 5.192 3.399 1.396 0.201 "setosa"
50 4.685 3.198 1.603 0.198 "setosa"
50 4.792 3.094 1.589 0.196 "setosa"
50 5.407 3.393 1.501 0.4 "setosa"
50 5.203 4.09 1.512 0.104 "setosa"
50 5.508 4.187 1.399 0.199 "setosa"
50 4.889 3.098 1.503 0.183 "setosa"
50 5.012 3.216 1.194 0.206 "setosa"
50 5.513 3.506 1.317 0.195 "setosa"
50 4.895 3.586 1.384 0.093 "setosa"
50 4.415 2.989 1.3 0.193 "setosa"
50 5.098 3.415 1.512 0.187 "setosa"
50 4.992 3.494 1.309 0.304 "setosa"
50 4.512 2.296 1.301 0.298 "setosa"
50 4.431 3.175 1.31 0.191 "setosa"
50 4.974 3.518 1.6 0.602 "setosa"
50 5.119 3.808 1.897 0.394 "setosa"
50 4.793 2.995 1.395 0.318 "setosa"
50 5.118 3.797 1.586 0.192 "setosa"
50 4.591 3.213 1.399 0.191 "setosa"
50 5.288 3.702 1.521 0.175 "setosa"
50 5.004 3.301 1.404 0.188 "setosa"
50 7.019 3.211 4.731 1.402 "versicolor"
50 6.419 3.188 4.473 1.502 "versicolor"
50 6.901 3.1 4.893 1.504 "versicolor"
50 5.499 2.305 4.005 1.302 "versicolor"
50 6.495 2.797 4.601 1.516 "versicolor"
50 5.682 2.811 4.524 1.286 "versicolor"
50 6.325 3.311 4.685 1.602 "versicolor"
50 4.905 2.414 3.297 0.997 "versicolor"
50 6.603 2.903 4.59 1.312 "versicolor"
50 5.185 2.699 3.903 1.39 "versicolor"
50 4.996 1.991 3.506 0.989 "versicolor"
50 5.902 2.993 4.199 1.49 "versicolor"
50 6.003 2.183 3.978 1.012 "versicolor"
50 6.097 2.9 4.697 1.381 "versicolor"
50 5.593 2.898 3.595 1.305 "versicolor"
50 6.697 3.097 4.397 1.394 "versicolor"
50 5.599 2.99 4.515 1.474 "versicolor"
50 5.809 2.711 4.103 0.992 "versicolor"
50 6.204 2.193 4.497 1.505 "versicolor"
50 5.607 2.505 3.891 1.101 "versicolor"
50 5.901 3.205 4.807 1.8 "versicolor"
50 6.089 2.792 4.003 1.301 "versicolor"
50 6.303 2.507 4.898 1.5 "versicolor"
50 6.072 2.804 4.701 1.195 "versicolor"
50 6.416 2.892 4.293 1.312 "versicolor"
50 6.58 3.008 4.388 1.387 "versicolor"
50 6.803 2.808 4.785 1.387 "versicolor"
50 6.71 3.011 4.991 1.688 "versicolor"
50 6.007 2.905 4.508 1.487 "versicolor"
50 5.699 2.585 3.491 1.01 "versicolor"
50 5.51 2.415 3.799 1.114 "versicolor"
50 5.497 2.394 3.706 0.989 "versicolor"
50 5.806 2.697 3.895 1.201 "versicolor"
50 5.998 2.698 5.102 1.601 "versicolor"
50 5.394 3.008 4.505 1.508 "versicolor"
50 6.019 3.382 4.492 1.595 "versicolor"
50 6.698 3.093 4.695 1.486 "versicolor"
50 6.291 2.309 4.419 1.333 "versicolor"
50 5.602 3 4.107 1.302 "versicolor"
50 5.5 2.494 4.025 1.277 "versicolor"
50 5.499 2.618 4.409 1.189 "versicolor"
50 6.102 2.999 4.603 1.389 "versicolor"
50 5.806 2.595 3.991 1.197 "versicolor"
50 5.001 2.311 3.291 1.002 "versicolor"
50 5.589 2.708 4.197 1.296 "versicolor"
50 5.684 3.016 4.203 1.21 "versicolor"
50 5.691 2.895 4.219 1.306 "versicolor"
50 6.198 2.886 4.303 1.31 "versicolor"
50 5.104 2.502 2.99 1.081 "versicolor"
50 5.696 2.813 4.099 1.288 "versicolor"
50 6.308 3.306 6.001 2.486 "virginica"
50 5.787 2.681 5.089 1.894 "virginica"
50 7.082 3.018 5.899 2.103 "virginica"
50 6.291 2.874 5.587 1.793 "virginica"
50 6.487 3.001 5.802 2.227 "virginica"
50 7.59 3.011 6.59 2.095 "virginica"
50 4.907 2.507 4.509 1.704 "virginica"
50 7.296 2.884 6.304 1.786 "virginica"
50 6.704 2.505 5.79 1.793 "virginica"
50 7.185 3.602 6.109 2.51 "virginica"
50 6.498 3.202 5.099 1.998 "virginica"
50 6.4 2.701 5.313 1.886 "virginica"
50 6.783 2.988 5.496 2.112 "virginica"
50 5.696 2.495 4.996 2.002 "virginica"
50 5.786 2.789 5.107 2.394 "virginica"
50 6.397 3.215 5.306 2.314 "virginica"
50 6.484 2.984 5.502 1.806 "virginica"
50 7.7 3.79 6.713 2.222 "virginica"
50 7.7 2.582 6.894 2.306 "virginica"
50 6.007 2.207 5.009 1.499 "virginica"
50 6.914 3.2 5.689 2.305 "virginica"
50 5.606 2.79 4.912 2.007 "virginica"
50 7.698 2.807 6.709 1.998 "virginica"
50 6.296 2.718 4.901 1.792 "virginica"
50 6.717 3.31 5.717 2.099 "virginica"
50 7.208 3.221 6.008 1.779 "virginica"
50 6.202 2.805 4.812 1.792 "virginica"
50 6.119 3.013 4.898 1.802 "virginica"
50 6.412 2.797 5.584 2.097 "virginica"
50 7.193 2.983 5.802 1.58 "virginica"
50 7.409 2.802 6.103 1.893 "virginica"
50 7.904 3.812 6.408 1.99 "virginica"
50 6.413 2.802 5.587 2.194 "virginica"
50 6.288 2.798 5.104 1.486 "virginica"
50 6.099 2.607 5.589 1.399 "virginica"
50 7.693 3.029 6.094 2.3 "virginica"
50 6.291 3.4 5.618 2.393 "virginica"
50 6.388 3.097 5.49 1.812 "virginica"
50 5.988 2.994 4.807 1.8 "virginica"
50 6.899 3.106 5.393 2.106 "virginica"
50 6.705 3.122 5.591 2.415 "virginica"
50 6.911 3.091 5.103 2.313 "virginica"
50 5.803 2.68 5.109 1.895 "virginica"
50 6.787 3.214 5.903 2.301 "virginica"
50 6.706 3.308 5.687 2.499 "virginica"
50 6.705 2.989 5.201 2.296 "virginica"
50 6.3 2.499 4.991 1.904 "virginica"
50 6.492 2.975 5.199 2.005 "virginica"
50 6.2 3.397 5.39 2.309 "virginica"
50 5.899 2.993 5.078 1.795 "virginica"
