54 5.117 3.492 1.395 0.208 "setosa"
54 4.89 3.004 1.386 0.185 "setosa"
54 4.692 3.192 1.304 0.199 "setosa"
54 4.592 3.095 1.489 0.192 "setosa"
54 5.004 3.602 1.396 0.195 "setosa"
54 5.404 3.898 1.704 0.397 "setosa"
54 4.595 3.407 1.397 0.306 "setosa"
54 4.999 3.414 1.513 0.181 "setosa"
54 4.407 2.897 1.392 0.195 "setosa"
54 4.92 3.115 1.501 0.1 "setosa"
54 5.407 3.684 1.491 0.194 "setosa"
54 4.799 3.413 1.608 0.211 "setosa"
54 4.79 2.993 1.398 0.103 "setosa"
54 4.292 3.006 1.109 0.114 "setosa"
54 5.791 4.015 1.193 0.203 "setosa"
54 5.692 4.389 1.504 0.396 "setosa"
54 5.405 3.92 1.299 0.404 "setosa"
54 5.084 3.521 1.391 0.309 "setosa"
54 5.698 3.822 1.701 0.305 "setosa"
54 5.107 3.804 1.492 0.281 "setosa"
54 5.401 3.41 1.695 0.185 "setosa"
54 5.102 3.711 1.497 0.401 "setosa"
54 4.598 3.605 1.005 0.195 "setosa"
54 5.098 3.3 1.723 0.501 "setosa"
54 4.807 3.407 1.901 0.188 "setosa"
54 5.01 3.007 1.591 0.2 "setosa"
54 4.992 3.415 1.593 0.405 "setosa"
54 5.194 3.489 1.501 0.208 "setosa"
54 5.207 3.408 1.399 0.187 "setosa"
54 4.699 3.192 1.588 0.197 "setosa"
54 4.796 3.089 1.61 0.197 "setosa"
54 5.413 3.417 1.485 0.405 "setosa"
54 5.199 4.119 1.489 0.102 "setosa"
54 5.489 4.219 1.393 0.191 "setosa"
54 4.9 3.092 1.506 0.197 "setosa"
54 5.008 3.211 1.2 0.214 "setosa"
54 5.523 3.506 1.307 0.204 "setosa"
54 4.902 3.598 1.381 0.09 "setosa"
54 4.407 3.016 1.31 0.213 "setosa"
54 5.113 3.407 1.519 0.219 "setosa"
54 5.012 3.499 1.321 0.291 "setosa"
54 4.507 2.283 1.296 0.315 "setosa"
54 4.419 3.197 1.292 0.22 "setosa"
54 5.007 3.513 1.585 0.587 "setosa"
54 5.101 3.8 1.886 0.396 "setosa"
54 4.807 2.989 1.398 0.303 "setosa"
54 5.098 3.779 1.607 0.188 "setosa"
54 4.596 3.218 1.414 0.202 "setosa"
54 5.312 3.697 1.5 0.192 "setosa"
54 4.997 3.309 1.409 0.2 "setosa"
54 7.014 3.215 4.718 1.42 "versicolor"
54 6.383 3.197 4.505 1.496 "versicolor"
54 6.888 3.081 4.897 1.509 "versicolor"
54 5.508 2.279 3.993 1.308 "versicolor"
54 6.503 2.799 4.61 1.51 "versicolor"
54 5.711 2.8 4.513 1.299 "versicolor"
54 6.296 3.296 4.707 1.609 "versicolor"
54 4.889 2.392 3.303 1.002 "versicolor"
54 6.61 2.893 4.613 1.305 "versicolor"
54 5.19 2.706 3.893 1.413 "versicolor"
54 4.996 1.996 3.507 0.998 "versicolor"
54 5.904 3.003 4.202 1.495 "versicolor"
54 5.977 2.203 4 0.999 "versicolor"
54 6.118 2.891 4.705 1.378 "versicolor"
54 5.603 2.912 3.602 1.309 "versicolor"
54 6.692 3.105 4.39 1.395 "versicolor"
54 5.594 3.015 4.491 1.501 "versicolor"
54 5.783 2.686 4.11 0.995 "versicolor"
54 6.204 2.176 4.522 1.493 "versicolor"
54 5.592 2.49 3.9 1.106 "versicolor"
54 5.894 3.214 4.793 1.802 "versicolor"
54 6.089 2.803 3.988 1.321 "versicolor"
54 6.288 2.506 4.898 1.508 "versicolor"
54 6.094 2.81 4.704 1.219 "versicolor"
54 6.396 2.89 4.295 1.288 "versicolor"
54 6.593 2.979 4.398 1.403 "versicolor"
54 6.797 2.791 4.791 1.388 "versicolor"
54 6.691 2.99 4.982 1.707 "versicolor"
54 6.014 2.895 4.487 1.493 "versicolor"
54 5.713 2.603 3.504 1.004 "versicolor"
54 5.508 2.395 3.821 1.112 "versicolor"
54 5.489 2.398 3.695 1.001 "versicolor"
54 5.788 2.714 3.897 1.204 "versicolor"
54 6.001 2.705 5.093 1.596 "versicolor"
54 5.396 3.008 4.516 1.507 "versicolor"
54 5.999 3.405 4.486 1.609 "versicolor"
54 6.705 3.085 4.697 1.491 "versicolor"
54 6.309 2.297 4.396 1.298 "versicolor"
54 5.59 2.992 4.102 1.303 "versicolor"
54 5.508 2.51 3.998 1.302 "versicolor"
54 5.503 2.608 4.381 1.202 "versicolor"
54 6.101 3.017 4.595 1.407 "versicolor"
54 5.809 2.625 4.01 1.202 "versicolor"
54 5.002 2.302 3.297 0.999 "versicolor"
54 5.6 2.702 4.181 1.312 "versicolor"
54 5.715 2.979 4.208 1.214 "versicolor"
54 5.704 2.89 4.208 1.306 "versicolor"
54 6.203 2.894 4.307 1.3 "versicolor"
54 5.086 2.495 3.017 1.091 "versicolor"
54 5.696 2.793 4.114 1.316 "versicolor"
54 6.304 3.311 6.01 2.489 "virginica"
54 5.805 2.704 5.094 1.917 "virginica"
54 7.081 2.995 5.914 2.096 "virginica"
54 6.32 2.906 5.598 1.794 "virginica"
54 6.51 2.992 5.784 2.212 "virginica"
54 7.593 3.016 6.589 2.095 "virginica"
54 4.868 2.508 4.499 1.715 "virginica"
54 7.302 2.893 6.297 1.795 "virginica"
54 6.694 2.499 5.788 1.791 "virginica"
54 7.212 3.609 6.098 2.51 "virginica"
54 6.505 3.201 5.093 2.004 "virginica"
54 6.396 2.705 5.302 1.889 "virginica"
54 6.814 3.004 5.5 2.103 "virginica"
54 5.696 2.498 5.019 2.008 "virginica"
54 5.783 2.802 5.117 2.4 "virginica"
54 6.407 3.186 5.312 2.312 "virginica"
54 6.516 3.003 5.479 1.803 "virginica"
54 7.711 3.801 6.693 2.206 "virginica"
54 7.711 2.589 6.898 2.292 "virginica"
54 6.006 2.203 4.999 1.512 "virginica"
54 6.888 3.197 5.706 2.282 "virginica"
54 5.604 2.81 4.889 1.991 "virginica"
54 7.707 2.796 6.711 1.992 "virginica"
54 6.274 2.692 4.916 1.8 "virginica"
54 6.698 3.303 5.69 2.08 "virginica"
54 7.207 3.211 5.998 1.801 "virginica"
54 6.201 2.797 4.801 1.798 "virginica"
54 6.089 2.999 4.897 1.806 "virginica"
54 6.406 2.788 5.601 2.109 "virginica"
54 7.188 2.991 5.809 1.602 "virginica"
54 7.402 2.811 6.117 1.906 "virginica"
54 7.909 3.806 6.4 2.014 "virginica"
54 6.395 2.798 5.599 2.188 "virginica"
54 6.302 2.81 5.108 1.508 "virginica"
54 6.089 2.604 5.613 1.417 "virginica"
54 7.698 3.007 6.11 2.294 "virginica"
54 6.282 3.402 5.607 2.404 "virginica"
54 6.405 3.114 5.501 1.811 "virginica"
54 6.002 3.01 4.793 1.799 "virginica"
54 6.911 3.08 5.399 2.095 "virginica"
54 6.701 3.101 5.598 2.41 "virginica"
54 6.887 3.103 5.101 2.297 "virginica"
54 5.783 2.705 5.119 1.91 "virginica"
54 6.8 3.215 5.912 2.291 "virginica"
54 6.702 3.314 5.699 2.496 "virginica"
54 6.706 3.014 5.197 2.296 "virginica"
54 6.288 2.514 4.981 1.892 "virginica"
54 6.497 2.99 5.226 1.996 "virginica"
54 6.194 3.395 5.381 2.307 "virginica"
54 5.893 3.014 5.098 1.782 "virginica"
