74 5.095 3.491 1.395 0.185 "setosa"
74 4.895 3.005 1.411 0.205 "setosa"
74 4.708 3.201 1.294 0.204 "setosa"
74 4.593 3.101 1.506 0.209 "setosa"
74 5.012 3.603 1.389 0.184 "setosa"
74 5.39 3.896 1.705 0.401 "setosa"
74 4.603 3.416 1.402 0.285 "setosa"
74 5.016 3.399 1.503 0.196 "setosa"
74 4.417 2.9 1.395 0.191 "setosa"
74 4.911 3.095 1.473 0.091 "setosa"
74 5.415 3.697 1.515 0.19 "setosa"
74 4.803 3.42 1.615 0.193 "setosa"
74 4.798 3.011 1.389 0.095 "setosa"
74 4.302 2.996 1.109 0.101 "setosa"
74 5.788 4.006 1.188 0.207 "setosa"
74 5.708 4.393 1.503 0.387 "setosa"
74 5.395 3.897 1.304 0.396 "setosa"
74 5.11 3.503 1.404 0.299 "setosa"
74 5.702 3.781 1.68 0.298 "setosa"
74 5.1 3.8 1.493 0.292 "setosa"
74 5.41 3.395 1.71 0.187 "setosa"
74 5.112 3.704 1.504 0.387 "setosa"
74 4.614 3.608 1.007 0.196 "setosa"
74 5.103 3.292 1.722 0.505 "setosa"
74 4.806 3.398 1.895 0.194 "setosa"
74 5.011 2.995 1.598 0.206 "setosa"
74 5 3.392 1.57 0.408 "setosa"
74 5.199 3.503 1.49 0.193 "setosa"
74 5.201 3.414 1.387 0.201 "setosa"
74 4.7 3.187 1.599 0.197 "setosa"
74 4.803 3.098 1.599 0.196 "setosa"
74 5.391 3.407 1.503 0.394 "setosa"
74 5.2 4.094 1.504 0.102 "setosa"
74 5.507 4.2 1.387 0.194 "setosa"
74 4.902 3.085 1.485 0.199 "setosa"
74 4.994 3.198 1.206 0.209 "setosa"
74 5.503 3.513 1.29 0.203 "setosa"
74 4.896 3.607 1.411 0.107 "setosa"
74 4.396 2.989 1.3 0.191 "setosa"
74 5.101 3.407 1.502 0.203 "setosa"
74 4.978 3.508 1.287 0.301 "setosa"
74 4.508 2.299 1.287 0.309 "setosa"
74 4.39 3.194 1.297 0.201 "setosa"
74 5 3.505 1.603 0.589 "setosa"
74 5.117 3.809 1.886 0.407 "setosa"
74 4.811 3.009 1.395 0.305 "setosa"
74 5.098 3.802 1.606 0.192 "setosa"
74 4.604 3.196 1.391 0.203 "setosa"
74 5.305 3.693 1.493 0.207 "setosa"
74 4.998 3.286 1.392 0.186 "setosa"
74 6.998 3.196 4.687 1.417 "versicolor"
74 6.416 3.209 4.524 1.49 "versicolor"
74 6.899 3.104 4.888 1.489 "versicolor"
74 5.508 2.31 4.008 1.303 "versicolor"
74 6.498 2.79 4.604 1.51 "versicolor"
74 5.698 2.777 4.499 1.296 "versicolor"
74 6.287 3.322 4.697 1.595 "versicolor"
74 4.904 2.404 3.295 0.992 "versicolor"
74 6.597 2.897 4.597 1.296 "versicolor"
74 5.207 2.701 3.911 1.383 "versicolor"
74 5 2.008 3.501 0.993 "versicolor"
74 5.904 2.994 4.196 1.507 "versicolor"
74 5.999 2.187 4.01 1.014 "versicolor"
74 6.117 2.897 4.699 1.428 "versicolor"
74 5.59 2.908 3.599 1.312 "versicolor"
74 6.711 3.088 4.39 1.399 "versicolor"
74 5.6 2.995 4.49 1.508 "versicolor"
74 5.798 2.685 4.103 0.986 "versicolor"
74 6.186 2.198 4.509 1.498 "versicolor"
74 5.602 2.509 3.916 1.116 "versicolor"
74 5.906 3.185 4.789 1.8 "versicolor"
74 6.127 2.8 4.012 1.314 "versicolor"
74 6.329 2.511 4.909 1.509 "versicolor"
74 6.102 2.803 4.696 1.194 "versicolor"
74 6.389 2.898 4.315 1.274 "versicolor"
74 6.592 3.004 4.397 1.397 "versicolor"
74 6.805 2.8 4.808 1.402 "versicolor"
74 6.69 2.986 5.013 1.698 "versicolor"
74 5.99 2.9 4.493 1.507 "versicolor"
74 5.7 2.598 3.507 1.012 "versicolor"
74 5.499 2.409 3.803 1.098 "versicolor"
74 5.511 2.395 3.689 0.999 "versicolor"
74 5.802 2.716 3.899 1.204 "versicolor"
74 6.004 2.711 5.082 1.601 "versicolor"
74 5.383 3.003 4.504 1.501 "versicolor"
74 6.012 3.394 4.501 1.591 "versicolor"
74 6.697 3.101 4.693 1.508 "versicolor"
74 6.306 2.295 4.379 1.295 "versicolor"
74 5.591 3.003 4.109 1.312 "versicolor"
74 5.492 2.507 3.996 1.303 "versicolor"
74 5.501 2.591 4.4 1.217 "versicolor"
74 6.107 2.99 4.613 1.398 "versicolor"
74 5.821 2.589 4.013 1.207 "versicolor"
74 5.022 2.294 3.3 0.991 "versicolor"
74 5.597 2.701 4.207 1.272 "versicolor"
74 5.697 2.992 4.218 1.174 "versicolor"
74 5.702 2.874 4.209 1.281 "versicolor"
74 6.206 2.894 4.32 1.284 "versicolor"
74 5.092 2.49 2.997 1.113 "versicolor"
74 5.68 2.794 4.113 1.296 "versicolor"
74 6.322 3.304 5.986 2.505 "virginica"
74 5.798 2.711 5.101 1.896 "virginica"
74 7.106 3.001 5.899 2.098 "virginica"
74 6.306 2.91 5.624 1.808 "virginica"
74 6.52 3.001 5.813 2.205 "virginica"
74 7.602 3.002 6.613 2.098 "virginica"
74 4.898 2.49 4.504 1.697 "virginica"
74 7.297 2.893 6.309 1.777 "virginica"
74 6.687 2.493 5.79 1.794 "virginica"
74 7.182 3.579 6.107 2.508 "virginica"
74 6.502 3.181 5.103 2.006 "virginica"
74 6.387 2.693 5.28 1.895 "virginica"
74 6.802 2.992 5.509 2.078 "virginica"
74 5.708 2.497 4.992 2.013 "virginica"
74 5.789 2.815 5.084 2.389 "virginica"
74 6.393 3.207 5.294 2.318 "virginica"
74 6.505 2.995 5.515 1.798 "virginica"
74 7.701 3.813 6.691 2.192 "virginica"
74 7.694 2.589 6.885 2.301 "virginica"
74 5.981 2.205 4.984 1.496 "virginica"
74 6.916 3.2 5.696 2.295 "virginica"
74 5.604 2.8 4.882 1.993 "virginica"
74 7.692 2.803 6.702 1.999 "virginica"
74 6.306 2.709 4.9 1.806 "virginica"
74 6.724 3.313 5.7 2.098 "virginica"
74 7.2 3.199 5.994 1.79 "virginica"
74 6.195 2.786 4.789 1.79 "virginica"
74 6.115 2.995 4.886 1.794 "virginica"
74 6.398 2.808 5.612 2.11 "virginica"
74 7.203 3 5.801 1.619 "virginica"
74 7.403 2.783 6.089 1.901 "virginica"
74 7.889 3.795 6.403 1.988 "virginica"
74 6.392 2.803 5.595 2.208 "virginica"
74 6.28 2.824 5.113 1.502 "virginica"
74 6.098 2.613 5.599 1.393 "virginica"
74 7.71 2.992 6.115 2.311 "virginica"
74 6.295 3.377 5.613 2.401 "virginica"
74 6.396 3.108 5.468 1.797 "virginica"
74 6.008 3.009 4.801 1.809 "virginica"
74 6.9 3.107 5.389 2.102 "virginica"
74 6.721 3.113 5.602 2.402 "virginica"
74 6.896 3.102 5.11 2.309 "virginica"
74 5.799 2.707 5.1 1.901 "virginica"
74 6.796 3.192 5.893 2.305 "virginica"
74 6.703 3.318 5.706 2.495 "virginica"
74 6.709 3.004 5.204 2.321 "virginica"
74 6.292 2.511 5.013 1.893 "virginica"
74 6.504 3.006 5.2 2.001 "virginica"
74 6.192 3.396 5.404 2.29 "virginica"
74 5.891 3.005 5.071 1.798 "virginica"
