80 5.087 3.52 1.399 0.192 "setosa"
80 4.912 3.024 1.413 0.198 "setosa"
80 4.696 3.2 1.298 0.195 "setosa"
80 4.609 3.091 1.509 0.186 "setosa"
80 4.988 3.602 1.397 0.207 "setosa"
80 5.373 3.887 1.713 0.392 "setosa"
80 4.599 3.414 1.395 0.298 "setosa"
80 4.974 3.397 1.505 0.201 "setosa"
80 4.395 2.894 1.403 0.188 "setosa"
80 4.905 3.109 1.489 0.104 "setosa"
80 5.389 3.706 1.494 0.206 "setosa"
80 4.793 3.405 1.6 0.193 "setosa"
80 4.799 2.975 1.397 0.107 "setosa"
80 4.314 3.007 1.11 0.119 "setosa"
80 5.792 4.014 1.188 0.193 "setosa"
80 5.684 4.394 1.48 0.413 "setosa"
80 5.387 3.905 1.297 0.405 "setosa"
80 5.105 3.497 1.407 0.296 "setosa"
80 5.699 3.809 1.712 0.301 "setosa"
80 5.081 3.795 1.508 0.299 "setosa"
80 5.393 3.401 1.688 0.188 "setosa"
80 5.1 3.702 1.495 0.404 "setosa"
80 4.598 3.592 0.983 0.191 "setosa"
80 5.109 3.29 1.696 0.495 "setosa"
80 4.781 3.409 1.88 0.204 "setosa"
80 5.01 3.013 1.611 0.196 "setosa"
80 5.001 3.391 1.591 0.394 "setosa"
80 5.2 3.532 1.48 0.188 "setosa"
80 5.21 3.393 1.408 0.206 "setosa"
80 4.692 3.223 1.595 0.235 "setosa"
80 4.784 3.099 1.602 0.19 "setosa"
80 5.387 3.382 1.481 0.415 "setosa"
80 5.212 4.094 1.508 0.102 "setosa"
80 5.502 4.207 1.413 0.206 "setosa"
80 4.901 3.106 1.501 0.194 "setosa"
80 5.007 3.211 1.209 0.202 "setosa"
80 5.497 3.491 1.307 0.204 "setosa"
80 4.902 3.596 1.391 0.104 "setosa"
80 4.419 3.004 1.297 0.219 "setosa"
80 5.099 3.401 1.503 0.193 "setosa"
80 5.014 3.512 1.305 0.324 "setosa"
80 4.513 2.296 1.294 0.287 "setosa"
80 4.394 3.185 1.298 0.198 "setosa"
80 5.005 3.503 1.582 0.584 "setosa"
80 5.091 3.784 1.881 0.403 "setosa"
80 4.806 3.009 1.404 0.31 "setosa"
80 5.11 3.808 1.601 0.203 "setosa"
80 4.597 3.195 1.413 0.21 "setosa"
80 5.288 3.714 1.49 0.183 "setosa"
80 5.015 3.306 1.394 0.198 "setosa"
80 6.992 3.195 4.701 1.38 "versicolor"
80 6.397 3.184 4.492 1.485 "versicolor"
80 6.889 3.102 4.902 1.509 "versicolor"
80 5.482 2.296 3.993 1.326 "versicolor"
80 6.497 2.811 4.623 1.491 "versicolor"
80 5.714 2.816 4.486 1.303 "versicolor"
80 6.315 3.3 4.678 1.593 "versicolor"
80 4.917 2.401 3.3 1.012 "versicolor"
80 6.6 2.907 4.603 1.302 "versicolor"
80 5.214 2.699 3.894 1.398 "versicolor"
80 5.008 1.974 3.503 1.009 "versicolor"
80 5.894 2.995 4.181 1.502 "versicolor"
80 6.008 2.197 4.009 1.006 "versicolor"
80 6.099 2.912 4.705 1.373 "versicolor"
80 5.607 2.912 3.588 1.318 "versicolor"
80 6.705 3.103 4.406 1.401 "versicolor"
80 5.59 3 4.508 1.505 "versicolor"
80 5.79 2.691 4.102 1.011 "versicolor"
80 6.192 2.198 4.496 1.495 "versicolor"
80 5.607 2.49 3.905 1.105 "versicolor"
80 5.894 3.209 4.795 1.796 "versicolor"
80 6.092 2.798 4.007 1.301 "versicolor"
80 6.293 2.499 4.92 1.503 "versicolor"
80 6.111 2.81 4.702 1.202 "versicolor"
80 6.41 2.9 4.294 1.308 "versicolor"
80 6.597 2.993 4.395 1.394 "versicolor"
80 6.786 2.781 4.806 1.398 "versicolor"
80 6.714 3.026 4.998 1.693 "versicolor"
80 6.012 2.906 4.515 1.517 "versicolor"
80 5.703 2.593 3.513 0.995 "versicolor"
80 5.508 2.414 3.8 1.108 "versicolor"
80 5.482 2.413 3.705 1.004 "versicolor"
80 5.81 2.698 3.928 1.204 "versicolor"
80 5.989 2.689 5.111 1.619 "versicolor"
80 5.4 2.997 4.491 1.505 "versicolor"
80 6.002 3.412 4.493 1.599 "versicolor"
80 6.688 3.088 4.692 1.5 "versicolor"
80 6.279 2.305 4.415 1.304 "versicolor"
80 5.608 2.996 4.092 1.305 "versicolor"
80 5.487 2.493 4.009 1.304 "versicolor"
80 5.511 2.598 4.391 1.196 "versicolor"
80 6.105 2.978 4.618 1.389 "versicolor"
80 5.795 2.593 3.985 1.199 "versicolor"
80 5.01 2.302 3.312 0.991 "versicolor"
80 5.605 2.704 4.198 1.299 "versicolor"
80 5.699 3.008 4.198 1.176 "versicolor"
80 5.687 2.896 4.19 1.299 "versicolor"
80 6.195 2.906 4.312 1.308 "versicolor"
80 5.09 2.5 3.007 1.1 "versicolor"
80 5.683 2.802 4.114 1.29 "versicolor"
80 6.31 3.29 6.005 2.496 "virginica"
80 5.807 2.683 5.083 1.904 "virginica"
80 7.101 3.013 5.905 2.101 "virginica"
80 6.314 2.891 5.607 1.802 "virginica"
80 6.488 3.001 5.797 2.213 "virginica"
80 7.576 2.996 6.614 2.097 "virginica"
80 4.917 2.509 4.505 1.685 "virginica"
80 7.311 2.898 6.314 1.798 "virginica"
80 6.706 2.501 5.801 1.805 "virginica"
80 7.209 3.582 6.106 2.499 "virginica"
80 6.507 3.197 5.083 1.993 "virginica"
80 6.398 2.695 5.296 1.893 "virginica"
80 6.802 3.012 5.491 2.11 "virginica"
80 5.696 2.501 5.014 2.001 "virginica"
80 5.798 2.792 5.092 2.386 "virginica"
80 6.398 3.222 5.307 2.297 "virginica"
80 6.504 3.011 5.5 1.81 "virginica"
80 7.7 3.812 6.706 2.214 "virginica"
80 7.705 2.597 6.91 2.302 "virginica"
80 6.013 2.206 5.002 1.502 "virginica"
80 6.894 3.2 5.701 2.296 "virginica"
80 5.612 2.791 4.912 1.99 "virginica"
80 7.706 2.798 6.711 1.998 "virginica"
80 6.292 2.695 4.91 1.796 "virginica"
80 6.693 3.298 5.705 2.11 "virginica"
80 7.208 3.208 5.999 1.809 "virginica"
80 6.199 2.789 4.811 1.783 "virginica"
80 6.082 2.989 4.904 1.791 "virginica"
80 6.407 2.785 5.601 2.099 "virginica"
80 7.205 3.003 5.807 1.589 "virginica"
80 7.398 2.808 6.106 1.906 "virginica"
80 7.902 3.807 6.397 2 "virginica"
80 6.384 2.805 5.62 2.202 "virginica"
80 6.298 2.803 5.085 1.506 "virginica"
80 6.095 2.602 5.61 1.39 "virginica"
80 7.708 2.99 6.117 2.295 "virginica"
80 6.31 3.395 5.607 2.389 "virginica"
80 6.408 3.096 5.49 1.799 "virginica"
80 5.984 2.984 4.804 1.808 "virginica"
80 6.888 3.109 5.424 2.102 "virginica"
80 6.695 3.107 5.61 2.396 "virginica"
80 6.913 3.095 5.103 2.293 "virginica"
80 5.795 2.679 5.092 1.892 "virginica"
80 6.79 3.192 5.898 2.277 "virginica"
80 6.711 3.293 5.701 2.501 "virginica"
80 6.717 3.001 5.205 2.298 "virginica"
80 6.315 2.524 5.007 1.895 "virginica"
80 6.492 2.989 5.2 1.994 "virginica"
80 6.209 3.402 5.398 2.303 "virginica"
80 5.896 2.995 5.111 1.802 "virginica"
