47 5.102 3.495 1.409 0.18 "setosa"
47 4.899 3.012 1.402 0.19 "setosa"
47 4.715 3.201 1.314 0.183 "setosa"
47 4.591 3.102 1.519 0.199 "setosa"
47 4.994 3.592 1.405 0.187 "setosa"
47 5.405 3.898 1.684 0.426 "setosa"
47 4.588 3.39 1.414 0.279 "setosa"
47 5.005 3.377 1.514 0.194 "setosa"
47 4.39 2.916 1.392 0.205 "setosa"
47 4.911 3.084 1.502 0.094 "setosa"
47 5.412 3.705 1.509 0.205 "setosa"
47 4.8 3.373 1.6 0.209 "setosa"
47 4.804 2.992 1.398 0.099 "setosa"
47 4.284 2.988 1.088 0.09 "setosa"
47 5.775 4.013 1.198 0.206 "setosa"
47 5.699 4.4 1.499 0.392 "setosa"
47 5.398 3.916 1.322 0.397 "setosa"
47 5.133 3.503 1.404 0.295 "setosa"
47 5.695 3.778 1.684 0.291 "setosa"
47 5.099 3.79 1.513 0.302 "setosa"
47 5.392 3.403 1.706 0.219 "setosa"
47 5.094 3.707 1.489 0.393 "setosa"
47 4.605 3.606 0.984 0.193 "setosa"
47 5.104 3.296 1.672 0.488 "setosa"
47 4.791 3.387 1.905 0.207 "setosa"
47 4.993 3.01 1.594 0.18 "setosa"
47 4.993 3.393 1.598 0.404 "setosa"
47 5.208 3.488 1.492 0.205 "setosa"
47 5.207 3.397 1.393 0.211 "setosa"
47 4.713 3.201 1.591 0.191 "setosa"
47 4.779 3.102 1.596 0.215 "setosa"
47 5.417 3.381 1.493 0.399 "setosa"
47 5.177 4.087 1.502 0.104 "setosa"
47 5.488 4.217 1.39 0.195 "setosa"
47 4.902 3.089 1.504 0.197 "setosa"
47 5 3.223 1.204 0.18 "setosa"
47 5.496 3.507 1.294 0.204 "setosa"
47 4.885 3.592 1.4 0.116 "setosa"
47 4.402 2.994 1.301 0.217 "setosa"
47 5.094 3.382 1.503 0.21 "setosa"
47 4.996 3.494 1.299 0.298 "setosa"
47 4.504 2.278 1.304 0.282 "setosa"
47 4.405 3.202 1.298 0.185 "setosa"
47 4.971 3.506 1.611 0.607 "setosa"
47 5.097 3.802 1.883 0.401 "setosa"
47 4.802 2.992 1.412 0.307 "setosa"
47 5.092 3.807 1.589 0.203 "setosa"
47 4.589 3.197 1.4 0.191 "setosa"
47 5.31 3.708 1.507 0.203 "setosa"
47 4.994 3.297 1.39 0.214 "setosa"
47 6.968 3.191 4.706 1.43 "versicolor"
47 6.411 3.172 4.497 1.486 "versicolor"
47 6.899 3.099 4.897 1.504 "versicolor"
47 5.505 2.296 4.007 1.289 "versicolor"
47 6.511 2.774 4.604 1.501 "versicolor"
47 5.69 2.819 4.511 1.301 "versicolor"
47 6.29 3.303 4.708 1.593 "versicolor"
47 4.903 2.422 3.313 0.999 "versicolor"
47 6.593 2.908 4.605 1.295 "versicolor"
47 5.197 2.692 3.889 1.399 "versicolor"
47 4.994 2.006 3.492 1.015 "versicolor"
47 5.891 2.991 4.189 1.509 "versicolor"
47 5.998 2.219 4.006 0.996 "versicolor"
47 6.087 2.931 4.697 1.391 "versicolor"
47 5.603 2.881 3.614 1.298 "versicolor"
47 6.704 3.088 4.394 1.405 "versicolor"
47 5.608 3.011 4.518 1.513 "versicolor"
47 5.801 2.71 4.106 0.991 "versicolor"
47 6.196 2.195 4.508 1.504 "versicolor"
47 5.591 2.491 3.904 1.106 "versicolor"
47 5.902 3.184 4.781 1.803 "versicolor"
47 6.102 2.813 3.982 1.311 "versicolor"
47 6.295 2.508 4.903 1.499 "versicolor"
47 6.092 2.807 4.709 1.196 "versicolor"
47 6.384 2.893 4.298 1.289 "versicolor"
47 6.605 2.987 4.399 1.397 "versicolor"
47 6.822 2.804 4.803 1.388 "versicolor"
47 6.695 3 5.008 1.697 "versicolor"
47 5.985 2.902 4.498 1.505 "versicolor"
47 5.697 2.599 3.496 1.008 "versicolor"
47 5.501 2.389 3.806 1.097 "versicolor"
47 5.488 2.378 3.712 1.022 "versicolor"
47 5.787 2.699 3.891 1.203 "versicolor"
47 5.988 2.672 5.094 1.596 "versicolor"
47 5.392 3.001 4.492 1.504 "versicolor"
47 6.006 3.401 4.501 1.624 "versicolor"
47 6.721 3.097 4.708 1.504 "versicolor"
47 6.298 2.295 4.402 1.29 "versicolor"
47 5.609 3.009 4.093 1.294 "versicolor"
47 5.499 2.498 3.996 1.295 "versicolor"
47 5.509 2.585 4.411 1.206 "versicolor"
47 6.102 3.016 4.602 1.405 "versicolor"
47 5.798 2.579 3.994 1.192 "versicolor"
47 4.995 2.301 3.31 0.997 "versicolor"
47 5.579 2.707 4.205 1.296 "versicolor"
47 5.705 2.997 4.203 1.199 "versicolor"
47 5.709 2.895 4.203 1.282 "versicolor"
47 6.199 2.894 4.306 1.298 "versicolor"
47 5.099 2.472 2.997 1.101 "versicolor"
47 5.705 2.793 4.088 1.286 "versicolor"
47 6.308 3.295 6.007 2.508 "virginica"
47 5.793 2.696 5.119 1.901 "virginica"
47 7.101 2.991 5.908 2.123 "virginica"
47 6.304 2.914 5.612 1.831 "virginica"
47 6.521 2.993 5.814 2.213 "virginica"
47 7.588 3.011 6.612 2.084 "virginica"
47 4.911 2.501 4.5 1.702 "virginica"
47 7.301 2.899 6.285 1.768 "virginica"
47 6.696 2.507 5.795 1.799 "virginica"
47 7.211 3.6 6.102 2.49 "virginica"
47 6.497 3.198 5.11 1.992 "virginica"
47 6.399 2.718 5.309 1.9 "virginica"
47 6.796 3.001 5.519 2.092 "virginica"
47 5.714 2.5 5.003 1.988 "virginica"
47 5.793 2.812 5.099 2.397 "virginica"
47 6.411 3.187 5.287 2.296 "virginica"
47 6.481 3.001 5.505 1.804 "virginica"
47 7.706 3.783 6.716 2.197 "virginica"
47 7.717 2.598 6.887 2.291 "virginica"
47 5.994 2.198 5.023 1.494 "virginica"
47 6.896 3.188 5.689 2.294 "virginica"
47 5.6 2.799 4.904 1.994 "virginica"
47 7.684 2.801 6.715 2.01 "virginica"
47 6.295 2.698 4.899 1.778 "virginica"
47 6.706 3.288 5.698 2.097 "virginica"
47 7.193 3.184 6.004 1.789 "virginica"
47 6.179 2.811 4.8 1.789 "virginica"
47 6.089 2.998 4.899 1.8 "virginica"
47 6.411 2.809 5.594 2.093 "virginica"
47 7.184 2.992 5.803 1.616 "virginica"
47 7.392 2.8 6.086 1.884 "virginica"
47 7.891 3.792 6.386 2.008 "virginica"
47 6.385 2.792 5.586 2.182 "virginica"
47 6.297 2.793 5.097 1.517 "virginica"
47 6.089 2.614 5.613 1.406 "virginica"
47 7.683 2.993 6.103 2.297 "virginica"
47 6.296 3.391 5.59 2.408 "virginica"
47 6.403 3.087 5.498 1.83 "virginica"
47 6.004 3.001 4.799 1.795 "virginica"
47 6.888 3.096 5.404 2.094 "virginica"
47 6.701 3.105 5.629 2.393 "virginica"
47 6.908 3.088 5.104 2.308 "virginica"
47 5.799 2.704 5.128 1.903 "virginica"
47 6.818 3.194 5.899 2.297 "virginica"
47 6.703 3.305 5.695 2.507 "virginica"
47 6.696 2.982 5.187 2.314 "virginica"
47 6.302 2.498 4.983 1.906 "virginica"
47 6.494 2.986 5.199 2.003 "virginica"
47 6.212 3.4 5.403 2.312 "virginica"
47 5.911 2.991 5.084 1.805 "virginica"
