15 5.104 3.509 1.392 0.201 "setosa"
15 4.869 2.985 1.409 0.195 "setosa"
15 4.686 3.198 1.294 0.201 "setosa"
15 4.605 3.099 1.518 0.189 "setosa"
15 4.996 3.597 1.388 0.204 "setosa"
15 5.42 3.913 1.722 0.404 "setosa"
15 4.582 3.394 1.405 0.304 "setosa"
15 4.999 3.415 1.499 0.205 "setosa"
15 4.386 2.906 1.396 0.193 "setosa"
15 4.889 3.093 1.498 0.102 "setosa"
15 5.409 3.702 1.494 0.184 "setosa"
15 4.814 3.407 1.607 0.214 "setosa"
15 4.803 2.995 1.41 0.103 "setosa"
15 4.316 3.003 1.09 0.084 "setosa"
15 5.795 4.009 1.212 0.203 "setosa"
15 5.701 4.388 1.507 0.405 "setosa"
15 5.406 3.89 1.3 0.386 "setosa"
15 5.101 3.493 1.412 0.306 "setosa"
15 5.704 3.806 1.721 0.296 "setosa"
15 5.106 3.795 1.502 0.294 "setosa"
15 5.402 3.396 1.703 0.203 "setosa"
15 5.098 3.701 1.502 0.396 "setosa"
15 4.602 3.609 0.985 0.201 "setosa"
15 5.086 3.311 1.669 0.5 "setosa"
15 4.801 3.419 1.896 0.186 "setosa"
15 5.02 3.013 1.614 0.199 "setosa"
15 5.006 3.404 1.608 0.405 "setosa"
15 5.196 3.5 1.499 0.208 "setosa"
15 5.201 3.411 1.402 0.201 "setosa"
15 4.711 3.19 1.589 0.195 "setosa"
15 4.801 3.101 1.592 0.214 "setosa"
15 5.392 3.415 1.519 0.397 "setosa"
15 5.193 4.104 1.5 0.109 "setosa"
15 5.493 4.221 1.398 0.199 "setosa"
15 4.898 3.103 1.484 0.204 "setosa"
15 5.006 3.182 1.202 0.215 "setosa"
15 5.478 3.512 1.302 0.183 "setosa"
15 4.892 3.592 1.404 0.1 "setosa"
15 4.403 2.974 1.292 0.207 "setosa"
15 5.087 3.399 1.492 0.219 "setosa"
15 5.016 3.504 1.302 0.295 "setosa"
15 4.497 2.298 1.307 0.294 "setosa"
15 4.389 3.202 1.315 0.211 "setosa"
15 4.999 3.51 1.607 0.61 "setosa"
15 5.11 3.799 1.904 0.389 "setosa"
15 4.793 3.007 1.406 0.286 "setosa"
15 5.105 3.796 1.603 0.194 "setosa"
15 4.61 3.198 1.386 0.185 "setosa"
15 5.289 3.687 1.503 0.223 "setosa"
15 4.993 3.3 1.398 0.186 "setosa"
15 7.001 3.198 4.714 1.415 "versicolor"
15 6.387 3.194 4.505 1.518 "versicolor"
15 6.903 3.097 4.892 1.493 "versicolor"
15 5.525 2.306 4.015 1.298 "versicolor"
15 6.499 2.801 4.604 1.499 "versicolor"
15 5.72 2.805 4.5 1.288 "versicolor"
15 6.309 3.293 4.701 1.592 "versicolor"
15 4.906 2.402 3.304 1.011 "versicolor"
15 6.582 2.915 4.615 1.285 "versicolor"
15 5.183 2.714 3.906 1.392 "versicolor"
15 5.006 2.013 3.479 1.016 "versicolor"
15 5.902 3.001 4.195 1.491 "versicolor"
15 5.993 2.198 3.995 1.006 "versicolor"
15 6.101 2.897 4.69 1.397 "versicolor"
15 5.598 2.903 3.606 1.295 "versicolor"
15 6.7 3.102 4.398 1.407 "versicolor"
15 5.619 3.009 4.5 1.512 "versicolor"
15 5.809 2.704 4.1 1.009 "versicolor"
15 6.193 2.216 4.5 1.516 "versicolor"
15 5.597 2.51 3.889 1.104 "versicolor"
15 5.911 3.182 4.794 1.794 "versicolor"
15 6.105 2.791 3.994 1.293 "versicolor"
15 6.318 2.497 4.91 1.52 "versicolor"
15 6.1 2.805 4.686 1.198 "versicolor"
15 6.393 2.906 4.272 1.285 "versicolor"
15 6.6 2.998 4.392 1.397 "versicolor"
15 6.805 2.807 4.802 1.381 "versicolor"
15 6.697 2.992 5.004 1.7 "versicolor"
15 6.005 2.908 4.503 1.514 "versicolor"
15 5.712 2.593 3.5 0.992 "versicolor"
15 5.497 2.394 3.797 1.111 "versicolor"
15 5.488 2.385 3.697 0.975 "versicolor"
15 5.809 2.699 3.905 1.203 "versicolor"
15 6.003 2.694 5.094 1.578 "versicolor"
15 5.409 3.012 4.487 1.496 "versicolor"
15 5.994 3.394 4.51 1.613 "versicolor"
15 6.705 3.094 4.716 1.496 "versicolor"
15 6.296 2.299 4.394 1.289 "versicolor"
15 5.591 2.991 4.1 1.31 "versicolor"
15 5.495 2.479 3.982 1.319 "versicolor"
15 5.516 2.606 4.401 1.201 "versicolor"
15 6.089 3 4.607 1.409 "versicolor"
15 5.804 2.611 4.006 1.214 "versicolor"
15 4.989 2.31 3.304 0.983 "versicolor"
15 5.591 2.732 4.211 1.289 "versicolor"
15 5.684 2.99 4.203 1.192 "versicolor"
15 5.705 2.908 4.189 1.302 "versicolor"
15 6.209 2.901 4.31 1.317 "versicolor"
15 5.109 2.499 2.995 1.104 "versicolor"
15 5.711 2.799 4.09 1.302 "versicolor"
15 6.304 3.304 6.002 2.498 "virginica"
15 5.79 2.686 5.103 1.895 "virginica"
15 7.087 3.01 5.902 2.115 "virginica"
15 6.298 2.899 5.593 1.794 "virginica"
15 6.488 3.012 5.807 2.191 "virginica"
15 7.619 2.997 6.59 2.098 "virginica"
15 4.895 2.495 4.528 1.704 "virginica"
15 7.291 2.893 6.31 1.816 "virginica"
15 6.704 2.491 5.808 1.796 "virginica"
15 7.179 3.591 6.114 2.503 "virginica"
15 6.507 3.197 5.108 1.994 "virginica"
15 6.392 2.685 5.308 1.886 "virginica"
15 6.784 3.005 5.497 2.08 "virginica"
15 5.726 2.498 5.001 1.997 "virginica"
15 5.809 2.824 5.085 2.394 "virginica"
15 6.4 3.205 5.292 2.27 "virginica"
15 6.498 2.995 5.494 1.802 "virginica"
15 7.709 3.813 6.708 2.201 "virginica"
15 7.706 2.598 6.886 2.295 "virginica"
15 6.002 2.183 5.013 1.487 "virginica"
15 6.901 3.207 5.709 2.307 "virginica"
15 5.604 2.805 4.912 2.006 "virginica"
15 7.684 2.797 6.691 1.992 "virginica"
15 6.296 2.693 4.88 1.809 "virginica"
15 6.707 3.3 5.72 2.121 "virginica"
15 7.204 3.205 6.002 1.799 "virginica"
15 6.195 2.79 4.813 1.784 "virginica"
15 6.074 2.993 4.912 1.802 "virginica"
15 6.406 2.799 5.584 2.091 "virginica"
15 7.17 3.011 5.805 1.597 "virginica"
15 7.386 2.806 6.135 1.903 "virginica"
15 7.9 3.822 6.405 2.016 "virginica"
15 6.422 2.803 5.621 2.204 "virginica"
15 6.303 2.821 5.102 1.517 "virginica"
15 6.088 2.611 5.591 1.38 "virginica"
15 7.684 2.986 6.118 2.306 "virginica"
15 6.311 3.397 5.601 2.396 "virginica"
15 6.404 3.092 5.513 1.791 "virginica"
15 6.02 2.992 4.786 1.813 "virginica"
15 6.89 3.099 5.385 2.106 "virginica"
15 6.713 3.103 5.606 2.407 "virginica"
15 6.9 3.1 5.11 2.288 "virginica"
15 5.794 2.673 5.1 1.908 "virginica"
15 6.795 3.191 5.895 2.297 "virginica"
15 6.679 3.3 5.709 2.496 "virginica"
15 6.688 2.998 5.208 2.292 "virginica"
15 6.303 2.524 4.988 1.891 "virginica"
15 6.499 3.005 5.199 2.026 "virginica"
15 6.196 3.394 5.408 2.285 "virginica"
15 5.897 2.982 5.104 1.796 "virginica"
