95 5.101 3.491 1.402 0.203 "setosa"
95 4.907 3.001 1.395 0.192 "setosa"
95 4.702 3.19 1.298 0.193 "setosa"
95 4.616 3.106 1.513 0.201 "setosa"
95 4.989 3.606 1.39 0.208 "setosa"
95 5.396 3.895 1.707 0.401 "setosa"
95 4.591 3.394 1.396 0.292 "setosa"
95 5.003 3.404 1.486 0.204 "setosa"
95 4.392 2.906 1.413 0.179 "setosa"
95 4.891 3.085 1.496 0.084 "setosa"
95 5.413 3.701 1.506 0.196 "setosa"
95 4.79 3.395 1.604 0.215 "setosa"
95 4.802 3.001 1.4 0.095 "setosa"
95 4.293 2.995 1.095 0.105 "setosa"
95 5.777 4.005 1.212 0.208 "setosa"
95 5.7 4.407 1.514 0.42 "setosa"
95 5.405 3.896 1.299 0.395 "setosa"
95 5.097 3.502 1.395 0.293 "setosa"
95 5.71 3.8 1.704 0.301 "setosa"
95 5.092 3.818 1.503 0.303 "setosa"
95 5.388 3.405 1.692 0.199 "setosa"
95 5.082 3.71 1.5 0.393 "setosa"
95 4.593 3.6 0.999 0.184 "setosa"
95 5.101 3.31 1.703 0.502 "setosa"
95 4.812 3.393 1.893 0.184 "setosa"
95 5.011 2.992 1.596 0.203 "setosa"
95 4.988 3.398 1.577 0.395 "setosa"
95 5.202 3.507 1.497 0.188 "setosa"
95 5.194 3.397 1.399 0.203 "setosa"
95 4.7 3.213 1.617 0.2 "setosa"
95 4.805 3.102 1.591 0.199 "setosa"
95 5.414 3.392 1.496 0.404 "setosa"
95 5.205 4.107 1.488 0.121 "setosa"
95 5.504 4.192 1.399 0.192 "setosa"
95 4.901 3.107 1.49 0.204 "setosa"
95 4.999 3.197 1.196 0.194 "setosa"
95 5.486 3.487 1.299 0.214 "setosa"
95 4.908 3.605 1.39 0.086 "setosa"
95 4.396 2.997 1.294 0.196 "setosa"
95 5.089 3.409 1.497 0.212 "setosa"
95 5.006 3.498 1.29 0.302 "setosa"
95 4.491 2.31 1.314 0.293 "setosa"
95 4.395 3.205 1.302 0.185 "setosa"
95 4.991 3.488 1.589 0.586 "setosa"
95 5.094 3.803 1.887 0.4 "setosa"
95 4.788 3.004 1.402 0.269 "setosa"
95 5.102 3.794 1.6 0.197 "setosa"
95 4.608 3.19 1.418 0.204 "setosa"
95 5.305 3.702 1.494 0.204 "setosa"
95 4.997 3.321 1.401 0.186 "setosa"
95 6.986 3.208 4.671 1.393 "versicolor"
95 6.42 3.198 4.501 1.505 "versicolor"
95 6.896 3.105 4.9 1.509 "versicolor"
95 5.5 2.301 3.986 1.31 "versicolor"
95 6.504 2.796 4.589 1.501 "versicolor"
95 5.701 2.81 4.507 1.305 "versicolor"
95 6.311 3.292 4.684 1.623 "versicolor"
95 4.918 2.385 3.3 0.993 "versicolor"
95 6.61 2.9 4.592 1.309 "versicolor"
95 5.205 2.704 3.916 1.395 "versicolor"
95 5.002 1.992 3.48 1.008 "versicolor"
95 5.915 3.014 4.211 1.517 "versicolor"
95 5.99 2.204 4.003 1.019 "versicolor"
95 6.105 2.893 4.704 1.395 "versicolor"
95 5.604 2.904 3.6 1.296 "versicolor"
95 6.712 3.094 4.4 1.411 "versicolor"
95 5.59 2.989 4.508 1.492 "versicolor"
95 5.799 2.69 4.095 1.013 "versicolor"
95 6.185 2.192 4.503 1.503 "versicolor"
95 5.586 2.502 3.895 1.1 "versicolor"
95 5.902 3.198 4.792 1.776 "versicolor"
95 6.112 2.816 3.996 1.284 "versicolor"
95 6.298 2.512 4.906 1.49 "versicolor"
95 6.096 2.806 4.69 1.205 "versicolor"
95 6.401 2.876 4.275 1.275 "versicolor"
95 6.59 3.01 4.412 1.395 "versicolor"
95 6.813 2.815 4.782 1.404 "versicolor"
95 6.703 2.985 5.003 1.711 "versicolor"
95 6.003 2.898 4.489 1.498 "versicolor"
95 5.692 2.606 3.496 1.011 "versicolor"
95 5.492 2.417 3.805 1.098 "versicolor"
95 5.507 2.404 3.699 1.01 "versicolor"
95 5.794 2.704 3.9 1.19 "versicolor"
95 6.01 2.706 5.106 1.596 "versicolor"
95 5.408 2.983 4.491 1.506 "versicolor"
95 5.986 3.382 4.513 1.606 "versicolor"
95 6.712 3.108 4.694 1.489 "versicolor"
95 6.299 2.291 4.379 1.29 "versicolor"
95 5.604 2.996 4.105 1.31 "versicolor"
95 5.505 2.489 4 1.294 "versicolor"
95 5.504 2.588 4.402 1.2 "versicolor"
95 6.097 3.002 4.598 1.398 "versicolor"
95 5.797 2.598 4.006 1.194 "versicolor"
95 4.984 2.298 3.3 1.021 "versicolor"
95 5.585 2.717 4.193 1.287 "versicolor"
95 5.718 3.011 4.201 1.198 "versicolor"
95 5.691 2.914 4.195 1.307 "versicolor"
95 6.203 2.881 4.298 1.321 "versicolor"
95 5.093 2.5 3.003 1.099 "versicolor"
95 5.712 2.789 4.116 1.285 "versicolor"
95 6.302 3.299 5.991 2.484 "virginica"
95 5.804 2.702 5.094 1.888 "virginica"
95 7.098 3.003 5.906 2.091 "virginica"
95 6.303 2.905 5.598 1.793 "virginica"
95 6.502 3.009 5.816 2.23 "virginica"
95 7.6 3.012 6.592 2.1 "virginica"
95 4.917 2.504 4.494 1.707 "virginica"
95 7.304 2.911 6.307 1.801 "virginica"
95 6.682 2.506 5.798 1.797 "virginica"
95 7.191 3.601 6.093 2.503 "virginica"
95 6.496 3.194 5.098 1.991 "virginica"
95 6.399 2.705 5.3 1.909 "virginica"
95 6.81 2.984 5.513 2.1 "virginica"
95 5.712 2.502 5.011 1.986 "virginica"
95 5.805 2.807 5.118 2.398 "virginica"
95 6.39 3.217 5.319 2.301 "virginica"
95 6.483 2.999 5.493 1.786 "virginica"
95 7.681 3.811 6.702 2.204 "virginica"
95 7.703 2.626 6.896 2.308 "virginica"
95 5.995 2.205 4.988 1.51 "virginica"
95 6.918 3.216 5.713 2.289 "virginica"
95 5.588 2.808 4.918 1.992 "virginica"
95 7.703 2.784 6.72 1.976 "virginica"
95 6.304 2.703 4.907 1.809 "virginica"
95 6.702 3.287 5.702 2.088 "virginica"
95 7.186 3.195 5.996 1.797 "virginica"
95 6.21 2.79 4.795 1.79 "virginica"
95 6.108 2.981 4.899 1.787 "virginica"
95 6.387 2.798 5.598 2.092 "virginica"
95 7.206 2.986 5.814 1.605 "virginica"
95 7.413 2.796 6.097 1.908 "virginica"
95 7.917 3.793 6.394 2.003 "virginica"
95 6.393 2.791 5.586 2.196 "virginica"
95 6.292 2.794 5.096 1.501 "virginica"
95 6.106 2.583 5.604 1.379 "virginica"
95 7.693 2.983 6.114 2.292 "virginica"
95 6.287 3.415 5.593 2.395 "virginica"
95 6.408 3.109 5.503 1.819 "virginica"
95 6.008 2.991 4.791 1.8 "virginica"
95 6.907 3.098 5.397 2.085 "virginica"
95 6.675 3.087 5.592 2.414 "virginica"
95 6.884 3.093 5.097 2.285 "virginica"
95 5.782 2.699 5.084 1.915 "virginica"
95 6.779 3.187 5.89 2.306 "virginica"
95 6.703 3.298 5.706 2.515 "virginica"
95 6.701 3.002 5.2 2.292 "virginica"
95 6.296 2.5 4.996 1.899 "virginica"
95 6.489 3.004 5.196 1.996 "virginica"
95 6.216 3.407 5.388 2.304 "virginica"
95 5.893 3.018 5.092 1.791 "virginica"
