59 5.094 3.508 1.399 0.195 "setosa"
59 4.888 3.004 1.41 0.196 "setosa"
59 4.693 3.19 1.293 0.185 "setosa"
59 4.601 3.084 1.512 0.206 "setosa"
59 5.006 3.583 1.4 0.189 "setosa"
59 5.403 3.891 1.687 0.407 "setosa"
59 4.591 3.423 1.384 0.289 "setosa"
59 4.999 3.416 1.505 0.206 "setosa"
59 4.388 2.901 1.412 0.21 "setosa"
59 4.913 3.106 1.503 0.101 "setosa"
59 5.387 3.697 1.51 0.221 "setosa"
59 4.801 3.408 1.577 0.2 "setosa"
59 4.8 2.997 1.41 0.106 "setosa"
59 4.309 3.004 1.081 0.089 "setosa"
59 5.816 3.994 1.184 0.199 "setosa"
59 5.698 4.402 1.493 0.408 "setosa"
59 5.396 3.893 1.308 0.402 "setosa"
59 5.103 3.503 1.415 0.296 "setosa"
59 5.708 3.797 1.693 0.289 "setosa"
59 5.109 3.794 1.494 0.3 "setosa"
59 5.39 3.406 1.695 0.206 "setosa"
59 5.109 3.684 1.5 0.406 "setosa"
59 4.597 3.603 0.999 0.195 "setosa"
59 5.098 3.298 1.713 0.494 "setosa"
59 4.782 3.41 1.902 0.207 "setosa"
59 4.995 2.994 1.59 0.197 "setosa"
59 5.028 3.415 1.605 0.401 "setosa"
59 5.191 3.504 1.504 0.204 "setosa"
59 5.194 3.401 1.375 0.2 "setosa"
59 4.707 3.195 1.619 0.211 "setosa"
59 4.804 3.099 1.605 0.184 "setosa"
59 5.405 3.395 1.506 0.394 "setosa"
59 5.2 4.126 1.501 0.093 "setosa"
59 5.514 4.193 1.392 0.203 "setosa"
59 4.884 3.098 1.506 0.228 "setosa"
59 4.999 3.216 1.2 0.208 "setosa"
59 5.508 3.496 1.285 0.204 "setosa"
59 4.899 3.598 1.41 0.089 "setosa"
59 4.423 2.987 1.269 0.204 "setosa"
59 5.101 3.404 1.51 0.202 "setosa"
59 4.984 3.498 1.286 0.307 "setosa"
59 4.49 2.313 1.284 0.283 "setosa"
59 4.393 3.191 1.31 0.198 "setosa"
59 5.004 3.496 1.608 0.602 "setosa"
59 5.117 3.789 1.892 0.387 "setosa"
59 4.799 3.026 1.394 0.282 "setosa"
59 5.109 3.8 1.594 0.204 "setosa"
59 4.592 3.209 1.398 0.206 "setosa"
59 5.301 3.688 1.511 0.206 "setosa"
59 4.998 3.302 1.377 0.225 "setosa"
59 7.013 3.187 4.719 1.4 "versicolor"
59 6.424 3.196 4.501 1.485 "versicolor"
59 6.892 3.101 4.896 1.489 "versicolor"
59 5.516 2.293 3.988 1.302 "versicolor"
59 6.495 2.797 4.6 1.493 "versicolor"
59 5.708 2.811 4.497 1.292 "versicolor"
59 6.287 3.308 4.696 1.62 "versicolor"
59 4.895 2.41 3.285 0.996 "versicolor"
59 6.59 2.905 4.605 1.297 "versicolor"
59 5.201 2.714 3.909 1.388 "versicolor"
59 5.004 1.982 3.507 1.001 "versicolor"
59 5.908 2.998 4.204 1.513 "versicolor"
59 6.01 2.199 4.013 0.995 "versicolor"
59 6.087 2.891 4.709 1.379 "versicolor"
59 5.615 2.902 3.597 1.299 "versicolor"
59 6.696 3.113 4.388 1.396 "versicolor"
59 5.578 3.024 4.508 1.51 "versicolor"
59 5.809 2.716 4.072 1.006 "versicolor"
59 6.19 2.208 4.5 1.486 "versicolor"
59 5.595 2.487 3.9 1.086 "versicolor"
59 5.887 3.205 4.8 1.796 "versicolor"
59 6.081 2.796 4.01 1.305 "versicolor"
59 6.281 2.498 4.9 1.513 "versicolor"
59 6.099 2.788 4.709 1.206 "versicolor"
59 6.422 2.897 4.285 1.32 "versicolor"
59 6.597 2.986 4.401 1.415 "versicolor"
59 6.79 2.808 4.811 1.406 "versicolor"
59 6.711 3.008 5.003 1.708 "versicolor"
59 6 2.898 4.492 1.503 "versicolor"
59 5.716 2.601 3.488 0.992 "versicolor"
59 5.49 2.399 3.799 1.126 "versicolor"
59 5.496 2.406 3.72 0.99 "versicolor"
59 5.798 2.697 3.902 1.196 "versicolor"
59 6.012 2.694 5.099 1.57 "versicolor"
59 5.417 2.996 4.506 1.522 "versicolor"
59 6.004 3.391 4.501 1.599 "versicolor"
59 6.707 3.094 4.712 1.52 "versicolor"
59 6.304 2.299 4.386 1.299 "versicolor"
59 5.601 2.995 4.092 1.286 "versicolor"
59 5.486 2.504 3.985 1.3 "versicolor"
59 5.487 2.604 4.413 1.201 "versicolor"
59 6.108 3.003 4.601 1.39 "versicolor"
59 5.805 2.604 3.994 1.216 "versicolor"
59 5.017 2.296 3.311 0.991 "versicolor"
59 5.613 2.7 4.195 1.285 "versicolor"
59 5.703 2.993 4.196 1.197 "versicolor"
59 5.704 2.895 4.188 1.287 "versicolor"
59 6.19 2.897 4.29 1.29 "versicolor"
59 5.102 2.481 3.013 1.116 "versicolor"
59 5.71 2.799 4.109 1.313 "versicolor"
59 6.3 3.297 6.007 2.5 "virginica"
59 5.804 2.709 5.088 1.896 "virginica"
59 7.11 3 5.891 2.085 "virginica"
59 6.296 2.909 5.608 1.814 "virginica"
59 6.484 3.044 5.785 2.205 "virginica"
59 7.613 2.981 6.616 2.09 "virginica"
59 4.898 2.5 4.509 1.686 "virginica"
59 7.3 2.899 6.289 1.818 "virginica"
59 6.706 2.514 5.793 1.791 "virginica"
59 7.197 3.6 6.106 2.512 "virginica"
59 6.507 3.194 5.098 2.013 "virginica"
59 6.397 2.707 5.298 1.885 "virginica"
59 6.791 2.991 5.505 2.085 "virginica"
59 5.693 2.512 4.996 2.014 "virginica"
59 5.811 2.816 5.097 2.398 "virginica"
59 6.395 3.201 5.303 2.298 "virginica"
59 6.51 3.01 5.492 1.803 "virginica"
59 7.687 3.806 6.695 2.203 "virginica"
59 7.704 2.596 6.897 2.309 "virginica"
59 5.999 2.203 5.004 1.514 "virginica"
59 6.886 3.191 5.707 2.31 "virginica"
59 5.606 2.795 4.903 2.006 "virginica"
59 7.721 2.79 6.687 1.981 "virginica"
59 6.316 2.702 4.912 1.803 "virginica"
59 6.709 3.304 5.695 2.104 "virginica"
59 7.208 3.213 5.986 1.798 "virginica"
59 6.201 2.791 4.776 1.794 "virginica"
59 6.11 3.008 4.885 1.785 "virginica"
59 6.403 2.793 5.588 2.092 "virginica"
59 7.194 2.999 5.803 1.607 "virginica"
59 7.398 2.802 6.104 1.904 "virginica"
59 7.898 3.801 6.401 2.003 "virginica"
59 6.389 2.804 5.583 2.197 "virginica"
59 6.307 2.818 5.103 1.5 "virginica"
59 6.092 2.612 5.59 1.397 "virginica"
59 7.698 2.995 6.105 2.309 "virginica"
59 6.309 3.387 5.593 2.408 "virginica"
59 6.383 3.089 5.508 1.807 "virginica"
59 6.003 3 4.798 1.8 "virginica"
59 6.889 3.093 5.393 2.08 "virginica"
59 6.701 3.081 5.595 2.384 "virginica"
59 6.901 3.122 5.107 2.311 "virginica"
59 5.796 2.704 5.106 1.91 "virginica"
59 6.812 3.206 5.898 2.31 "virginica"
59 6.711 3.296 5.711 2.486 "virginica"
59 6.679 2.982 5.192 2.31 "virginica"
59 6.295 2.51 5.014 1.906 "virginica"
59 6.507 2.996 5.193 1.996 "virginica"
59 6.184 3.406 5.401 2.303 "virginica"
59 5.899 3 5.096 1.773 "virginica"
