85 5.097 3.508 1.392 0.194 "setosa"
85 4.904 3.006 1.386 0.199 "setosa"
85 4.718 3.196 1.299 0.188 "setosa"
85 4.59 3.083 1.511 0.191 "setosa"
85 5 3.608 1.394 0.198 "setosa"
85 5.411 3.898 1.697 0.405 "setosa"
85 4.603 3.395 1.403 0.306 "setosa"
85 4.999 3.399 1.494 0.197 "setosa"
85 4.409 2.88 1.408 0.185 "setosa"
85 4.897 3.092 1.498 0.103 "setosa"
85 5.396 3.687 1.515 0.2 "setosa"
85 4.804 3.389 1.599 0.197 "setosa"
85 4.793 3.006 1.396 0.099 "setosa"
85 4.299 3.026 1.079 0.096 "setosa"
85 5.804 4.013 1.191 0.207 "setosa"
85 5.717 4.402 1.518 0.392 "setosa"
85 5.402 3.923 1.291 0.393 "setosa"
85 5.112 3.509 1.387 0.314 "setosa"
85 5.699 3.795 1.715 0.284 "setosa"
85 5.106 3.806 1.505 0.319 "setosa"
85 5.396 3.401 1.709 0.199 "setosa"
85 5.095 3.718 1.487 0.421 "setosa"
85 4.591 3.603 1.012 0.208 "setosa"
85 5.101 3.292 1.708 0.497 "setosa"
85 4.788 3.401 1.901 0.212 "setosa"
85 5.006 3.001 1.61 0.211 "setosa"
85 5.009 3.389 1.586 0.391 "setosa"
85 5.214 3.505 1.507 0.196 "setosa"
85 5.207 3.401 1.399 0.199 "setosa"
85 4.702 3.21 1.608 0.207 "setosa"
85 4.807 3.099 1.598 0.191 "setosa"
85 5.407 3.415 1.502 0.403 "setosa"
85 5.203 4.094 1.496 0.109 "setosa"
85 5.491 4.194 1.412 0.206 "setosa"
85 4.905 3.115 1.494 0.198 "setosa"
85 5.011 3.201 1.193 0.186 "setosa"
85 5.496 3.506 1.294 0.208 "setosa"
85 4.901 3.604 1.385 0.117 "setosa"
85 4.394 2.993 1.307 0.21 "setosa"
85 5.086 3.395 1.506 0.203 "setosa"
85 5 3.497 1.306 0.297 "setosa"
85 4.509 2.28 1.302 0.32 "setosa"
85 4.402 3.197 1.3 0.196 "setosa"
85 5.011 3.512 1.596 0.617 "setosa"
85 5.089 3.794 1.904 0.394 "setosa"
85 4.799 3.005 1.401 0.292 "setosa"
85 5.108 3.793 1.584 0.208 "setosa"
85 4.606 3.213 1.394 0.2 "setosa"
85 5.304 3.695 1.497 0.193 "setosa"
85 5.018 3.312 1.403 0.175 "setosa"
85 6.995 3.194 4.696 1.397 "versicolor"
85 6.412 3.195 4.513 1.482 "versicolor"
85 6.891 3.081 4.897 1.507 "versicolor"
85 5.485 2.307 4.014 1.29 "versicolor"
85 6.494 2.796 4.592 1.505 "versicolor"
85 5.724 2.8 4.516 1.299 "versicolor"
85 6.297 3.303 4.685 1.593 "versicolor"
85 4.904 2.399 3.3 1.009 "versicolor"
85 6.601 2.891 4.604 1.315 "versicolor"
85 5.213 2.685 3.905 1.404 "versicolor"
85 4.996 2.007 3.508 0.995 "versicolor"
85 5.891 3.001 4.204 1.517 "versicolor"
85 6.004 2.218 4.026 0.996 "versicolor"
85 6.112 2.909 4.676 1.388 "versicolor"
85 5.593 2.886 3.597 1.295 "versicolor"
85 6.696 3.109 4.4 1.405 "versicolor"
85 5.596 3.003 4.503 1.487 "versicolor"
85 5.788 2.7 4.094 1.011 "versicolor"
85 6.205 2.202 4.504 1.51 "versicolor"
85 5.593 2.493 3.896 1.097 "versicolor"
85 5.888 3.207 4.812 1.794 "versicolor"
85 6.096 2.792 4.005 1.298 "versicolor"
85 6.282 2.494 4.898 1.481 "versicolor"
85 6.108 2.803 4.707 1.191 "versicolor"
85 6.399 2.903 4.286 1.301 "versicolor"
85 6.614 3.002 4.403 1.409 "versicolor"
85 6.804 2.795 4.809 1.419 "versicolor"
85 6.7 2.992 5 1.702 "versicolor"
85 5.999 2.908 4.505 1.502 "versicolor"
85 5.712 2.59 3.487 1.001 "versicolor"
85 5.509 2.413 3.792 1.096 "versicolor"
85 5.5 2.4 3.689 0.984 "versicolor"
85 5.79 2.696 3.902 1.208 "versicolor"
85 5.992 2.682 5.1 1.594 "versicolor"
85 5.402 2.996 4.486 1.51 "versicolor"
85 6.012 3.399 4.508 1.601 "versicolor"
85 6.7 3.105 4.7 1.514 "versicolor"
85 6.316 2.307 4.399 1.31 "versicolor"
85 5.581 3.023 4.102 1.294 "versicolor"
85 5.499 2.501 4.013 1.303 "versicolor"
85 5.498 2.603 4.389 1.18 "versicolor"
85 6.105 3 4.62 1.404 "versicolor"
85 5.804 2.606 3.996 1.198 "versicolor"
85 5.008 2.285 3.31 1.002 "versicolor"
85 5.6 2.706 4.191 1.31 "versicolor"
85 5.703 2.983 4.192 1.202 "versicolor"
85 5.695 2.92 4.199 1.304 "versicolor"
85 6.208 2.909 4.284 1.299 "versicolor"
85 5.119 2.509 3.007 1.092 "versicolor"
85 5.709 2.806 4.092 1.282 "versicolor"
85 6.294 3.293 6.007 2.498 "virginica"
85 5.799 2.701 5.095 1.906 "virginica"
85 7.099 2.995 5.886 2.104 "virginica"
85 6.305 2.884 5.594 1.801 "virginica"
85 6.515 3 5.803 2.197 "virginica"
85 7.615 3.012 6.599 2.103 "virginica"
85 4.905 2.515 4.498 1.697 "virginica"
85 7.301 2.878 6.278 1.797 "virginica"
85 6.678 2.489 5.81 1.804 "virginica"
85 7.206 3.586 6.099 2.5 "virginica"
85 6.513 3.202 5.107 1.999 "virginica"
85 6.412 2.721 5.315 1.888 "virginica"
85 6.801 3.014 5.5 2.098 "virginica"
85 5.69 2.511 4.982 1.998 "virginica"
85 5.806 2.786 5.112 2.406 "virginica"
85 6.399 3.211 5.293 2.286 "virginica"
85 6.487 3 5.512 1.803 "virginica"
85 7.689 3.793 6.707 2.216 "virginica"
85 7.701 2.58 6.9 2.28 "virginica"
85 6.024 2.192 5.009 1.487 "virginica"
85 6.908 3.187 5.698 2.289 "virginica"
85 5.581 2.819 4.893 2.014 "virginica"
85 7.7 2.814 6.7 1.996 "virginica"
85 6.282 2.706 4.9 1.808 "virginica"
85 6.692 3.305 5.703 2.095 "virginica"
85 7.212 3.208 6.012 1.794 "virginica"
85 6.19 2.795 4.799 1.805 "virginica"
85 6.098 3 4.904 1.783 "virginica"
85 6.396 2.79 5.595 2.092 "virginica"
85 7.213 2.981 5.818 1.584 "virginica"
85 7.414 2.793 6.101 1.897 "virginica"
85 7.899 3.782 6.386 2.008 "virginica"
85 6.391 2.802 5.583 2.197 "virginica"
85 6.303 2.826 5.088 1.503 "virginica"
85 6.106 2.606 5.605 1.401 "virginica"
85 7.71 2.994 6.097 2.297 "virginica"
85 6.292 3.39 5.594 2.415 "virginica"
85 6.406 3.097 5.486 1.797 "virginica"
85 5.999 2.982 4.809 1.788 "virginica"
85 6.91 3.101 5.389 2.114 "virginica"
85 6.7 3.08 5.591 2.392 "virginica"
85 6.898 3.119 5.091 2.308 "virginica"
85 5.773 2.708 5.104 1.908 "virginica"
85 6.797 3.192 5.916 2.299 "virginica"
85 6.685 3.283 5.701 2.526 "virginica"
85 6.707 2.998 5.198 2.292 "virginica"
85 6.313 2.491 5.004 1.902 "virginica"
85 6.506 2.989 5.201 1.995 "virginica"
85 6.211 3.401 5.415 2.295 "virginica"
85 5.909 2.994 5.102 1.807 "virginica"
