72 5.105 3.499 1.4 0.213 "setosa"
72 4.901 3.003 1.401 0.222 "setosa"
72 4.689 3.218 1.303 0.198 "setosa"
72 4.602 3.098 1.5 0.195 "setosa"
72 5.011 3.603 1.402 0.207 "setosa"
72 5.417 3.895 1.687 0.4 "setosa"
72 4.595 3.413 1.402 0.303 "setosa"
72 5.007 3.411 1.503 0.192 "setosa"
72 4.414 2.88 1.395 0.214 "setosa"
72 4.899 3.105 1.503 0.096 "setosa"
72 5.395 3.698 1.52 0.202 "setosa"
72 4.817 3.378 1.582 0.19 "setosa"
72 4.804 2.988 1.416 0.101 "setosa"
72 4.28 2.996 1.101 0.09 "setosa"
72 5.797 4.004 1.206 0.208 "setosa"
72 5.694 4.413 1.486 0.419 "setosa"
72 5.396 3.894 1.302 0.396 "setosa"
72 5.099 3.497 1.411 0.307 "setosa"
72 5.718 3.805 1.707 0.306 "setosa"
72 5.102 3.796 1.501 0.29 "setosa"
72 5.384 3.407 1.723 0.21 "setosa"
72 5.108 3.702 1.503 0.376 "setosa"
72 4.608 3.583 0.992 0.202 "setosa"
72 5.096 3.301 1.695 0.494 "setosa"
72 4.799 3.41 1.905 0.195 "setosa"
72 4.994 2.994 1.599 0.213 "setosa"
72 5.018 3.402 1.601 0.417 "setosa"
72 5.197 3.515 1.488 0.192 "setosa"
72 5.19 3.402 1.411 0.193 "setosa"
72 4.688 3.212 1.62 0.186 "setosa"
72 4.8 3.091 1.6 0.2 "setosa"
72 5.398 3.391 1.489 0.402 "setosa"
72 5.213 4.101 1.499 0.091 "setosa"
72 5.5 4.205 1.382 0.209 "setosa"
72 4.922 3.102 1.494 0.194 "setosa"
72 4.987 3.198 1.2 0.186 "setosa"
72 5.498 3.487 1.292 0.199 "setosa"
72 4.913 3.606 1.421 0.101 "setosa"
72 4.395 2.991 1.302 0.207 "setosa"
72 5.114 3.403 1.508 0.205 "setosa"
72 4.991 3.495 1.288 0.29 "setosa"
72 4.517 2.298 1.304 0.291 "setosa"
72 4.383 3.184 1.325 0.203 "setosa"
72 5.004 3.489 1.606 0.613 "setosa"
72 5.087 3.787 1.887 0.389 "setosa"
72 4.797 2.993 1.384 0.307 "setosa"
72 5.1 3.801 1.613 0.208 "setosa"
72 4.582 3.204 1.406 0.21 "setosa"
72 5.304 3.703 1.493 0.186 "setosa"
72 4.995 3.308 1.385 0.186 "setosa"
72 7.011 3.195 4.699 1.387 "versicolor"
72 6.406 3.196 4.497 1.493 "versicolor"
72 6.901 3.107 4.905 1.502 "versicolor"
72 5.491 2.3 3.993 1.3 "versicolor"
72 6.49 2.798 4.605 1.484 "versicolor"
72 5.714 2.789 4.482 1.311 "versicolor"
72 6.301 3.302 4.697 1.599 "versicolor"
72 4.91 2.398 3.311 0.995 "versicolor"
72 6.607 2.89 4.605 1.3 "versicolor"
72 5.217 2.701 3.918 1.415 "versicolor"
72 4.987 1.984 3.502 1.007 "versicolor"
72 5.894 3 4.215 1.493 "versicolor"
72 6.016 2.195 4.015 0.992 "versicolor"
72 6.098 2.888 4.707 1.388 "versicolor"
72 5.581 2.906 3.605 1.297 "versicolor"
72 6.708 3.102 4.381 1.386 "versicolor"
72 5.596 2.997 4.496 1.503 "versicolor"
72 5.787 2.702 4.107 1.018 "versicolor"
72 6.219 2.21 4.5 1.483 "versicolor"
72 5.599 2.496 3.899 1.108 "versicolor"
72 5.901 3.206 4.82 1.802 "versicolor"
72 6.114 2.807 4.008 1.289 "versicolor"
72 6.303 2.502 4.901 1.501 "versicolor"
72 6.089 2.782 4.685 1.208 "versicolor"
72 6.384 2.907 4.3 1.303 "versicolor"
72 6.598 3.002 4.398 1.403 "versicolor"
72 6.797 2.782 4.801 1.405 "versicolor"
72 6.698 2.995 5.007 1.697 "versicolor"
72 5.991 2.9 4.503 1.507 "versicolor"
72 5.691 2.605 3.498 0.991 "versicolor"
72 5.482 2.401 3.808 1.093 "versicolor"
72 5.499 2.383 3.687 1.007 "versicolor"
72 5.806 2.701 3.897 1.187 "versicolor"
72 6.007 2.704 5.094 1.605 "versicolor"
72 5.406 3.002 4.496 1.502 "versicolor"
72 5.987 3.401 4.497 1.584 "versicolor"
72 6.716 3.103 4.711 1.515 "versicolor"
72 6.294 2.301 4.403 1.306 "versicolor"
72 5.59 3.003 4.095 1.31 "versicolor"
72 5.503 2.494 4.012 1.29 "versicolor"
72 5.496 2.626 4.385 1.205 "versicolor"
72 6.095 3.009 4.61 1.411 "versicolor"
72 5.806 2.584 3.982 1.226 "versicolor"
72 4.995 2.29 3.312 1.001 "versicolor"
72 5.597 2.706 4.192 1.291 "versicolor"
72 5.692 2.999 4.199 1.215 "versicolor"
72 5.711 2.903 4.209 1.299 "versicolor"
72 6.206 2.906 4.274 1.283 "versicolor"
72 5.099 2.498 2.991 1.105 "versicolor"
72 5.705 2.805 4.101 1.304 "versicolor"
72 6.304 3.31 6.004 2.502 "virginica"
72 5.782 2.688 5.085 1.903 "virginica"
72 7.094 2.994 5.906 2.106 "virginica"
72 6.294 2.913 5.606 1.823 "virginica"
72 6.504 3.009 5.791 2.201 "virginica"
72 7.59 3.012 6.606 2.111 "virginica"
72 4.898 2.511 4.484 1.717 "virginica"
72 7.312 2.906 6.279 1.815 "virginica"
72 6.704 2.499 5.823 1.793 "virginica"
72 7.197 3.594 6.094 2.502 "virginica"
72 6.487 3.194 5.09 2.016 "virginica"
72 6.398 2.701 5.283 1.897 "virginica"
72 6.816 3.001 5.498 2.091 "virginica"
72 5.704 2.505 5.01 1.992 "virginica"
72 5.789 2.802 5.093 2.396 "virginica"
72 6.405 3.199 5.313 2.302 "virginica"
72 6.506 2.998 5.503 1.812 "virginica"
72 7.697 3.802 6.714 2.22 "virginica"
72 7.701 2.614 6.915 2.299 "virginica"
72 5.995 2.194 4.993 1.512 "virginica"
72 6.891 3.194 5.698 2.296 "virginica"
72 5.592 2.797 4.894 2.007 "virginica"
72 7.707 2.799 6.703 2.009 "virginica"
72 6.306 2.691 4.897 1.798 "virginica"
72 6.69 3.293 5.703 2.101 "virginica"
72 7.198 3.211 6 1.827 "virginica"
72 6.194 2.784 4.792 1.801 "virginica"
72 6.085 2.995 4.901 1.814 "virginica"
72 6.405 2.803 5.587 2.093 "virginica"
72 7.207 2.986 5.798 1.593 "virginica"
72 7.413 2.781 6.096 1.899 "virginica"
72 7.889 3.809 6.406 2 "virginica"
72 6.402 2.825 5.583 2.198 "virginica"
72 6.292 2.811 5.088 1.504 "virginica"
72 6.106 2.599 5.597 1.424 "virginica"
72 7.707 2.986 6.115 2.292 "virginica"
72 6.299 3.395 5.605 2.417 "virginica"
72 6.392 3.107 5.507 1.792 "virginica"
72 6.005 2.999 4.795 1.799 "virginica"
72 6.897 3.099 5.4 2.1 "virginica"
72 6.705 3.082 5.601 2.408 "virginica"
72 6.902 3.087 5.114 2.303 "virginica"
72 5.807 2.701 5.1 1.884 "virginica"
72 6.789 3.21 5.9 2.295 "virginica"
72 6.706 3.289 5.704 2.498 "virginica"
72 6.7 2.987 5.214 2.296 "virginica"
72 6.3 2.498 4.994 1.909 "virginica"
72 6.502 2.998 5.21 1.989 "virginica"
72 6.203 3.394 5.384 2.278 "virginica"
72 5.912 2.986 5.11 1.8 "virginica"
