17 5.105 3.484 1.391 0.188 "setosa"
17 4.904 2.994 1.41 0.191 "setosa"
17 4.718 3.204 1.299 0.183 "setosa"
17 4.602 3.121 1.492 0.203 "setosa"
17 4.989 3.609 1.39 0.205 "setosa"
17 5.397 3.893 1.692 0.409 "setosa"
17 4.602 3.406 1.4 0.296 "setosa"
17 5.009 3.403 1.505 0.197 "setosa"
17 4.417 2.908 1.385 0.199 "setosa"
17 4.899 3.103 1.49 0.108 "setosa"
17 5.397 3.717 1.493 0.193 "setosa"
17 4.822 3.407 1.582 0.214 "setosa"
17 4.797 3.006 1.406 0.086 "setosa"
17 4.305 3.023 1.103 0.101 "setosa"
17 5.803 4.001 1.204 0.194 "setosa"
17 5.693 4.4 1.503 0.392 "setosa"
17 5.366 3.881 1.303 0.399 "setosa"
17 5.098 3.506 1.389 0.303 "setosa"
17 5.683 3.811 1.7 0.298 "setosa"
17 5.098 3.787 1.505 0.294 "setosa"
17 5.4 3.4 1.694 0.204 "setosa"
17 5.1 3.686 1.51 0.392 "setosa"
17 4.626 3.593 1.013 0.211 "setosa"
17 5.12 3.29 1.707 0.503 "setosa"
17 4.808 3.406 1.893 0.199 "setosa"
17 4.994 3.015 1.605 0.206 "setosa"
17 4.993 3.409 1.59 0.394 "setosa"
17 5.198 3.495 1.516 0.211 "setosa"
17 5.193 3.394 1.376 0.208 "setosa"
17 4.694 3.205 1.591 0.206 "setosa"
17 4.802 3.104 1.606 0.212 "setosa"
17 5.384 3.418 1.498 0.395 "setosa"
17 5.193 4.103 1.494 0.11 "setosa"
17 5.485 4.196 1.403 0.196 "setosa"
17 4.896 3.098 1.509 0.19 "setosa"
17 4.979 3.212 1.19 0.193 "setosa"
17 5.51 3.507 1.313 0.21 "setosa"
17 4.912 3.593 1.406 0.094 "setosa"
17 4.399 3.008 1.305 0.181 "setosa"
17 5.104 3.416 1.496 0.185 "setosa"
17 4.993 3.496 1.307 0.307 "setosa"
17 4.491 2.296 1.318 0.3 "setosa"
17 4.394 3.204 1.296 0.196 "setosa"
17 5.015 3.513 1.617 0.594 "setosa"
17 5.108 3.774 1.9 0.404 "setosa"
17 4.798 3.006 1.419 0.302 "setosa"
17 5.101 3.789 1.603 0.211 "setosa"
17 4.605 3.211 1.396 0.209 "setosa"
17 5.306 3.717 1.49 0.2 "setosa"
17 5 3.301 1.391 0.209 "setosa"
17 7.005 3.195 4.697 1.412 "versicolor"
17 6.398 3.196 4.526 1.502 "versicolor"
17 6.915 3.095 4.905 1.508 "versicolor"
17 5.5 2.292 3.995 1.297 "versicolor"
17 6.487 2.793 4.607 1.493 "versicolor"
17 5.701 2.79 4.501 1.314 "versicolor"
17 6.294 3.298 4.711 1.595 "versicolor"
17 4.896 2.394 3.313 1.004 "versicolor"
17 6.588 2.895 4.587 1.306 "versicolor"
17 5.208 2.719 3.894 1.377 "versicolor"
17 4.991 1.999 3.512 0.989 "versicolor"
17 5.894 3.013 4.207 1.475 "versicolor"
17 6 2.194 4.016 0.986 "versicolor"
17 6.095 2.904 4.695 1.402 "versicolor"
17 5.595 2.898 3.6 1.323 "versicolor"
17 6.705 3.083 4.398 1.386 "versicolor"
17 5.603 2.998 4.493 1.507 "versicolor"
17 5.826 2.678 4.086 0.986 "versicolor"
17 6.19 2.203 4.5 1.509 "versicolor"
17 5.61 2.483 3.902 1.103 "versicolor"
17 5.903 3.184 4.809 1.808 "versicolor"
17 6.096 2.812 3.987 1.315 "versicolor"
17 6.315 2.518 4.9 1.501 "versicolor"
17 6.094 2.794 4.693 1.199 "versicolor"
17 6.4 2.893 4.294 1.298 "versicolor"
17 6.607 3.01 4.402 1.399 "versicolor"
17 6.801 2.802 4.803 1.407 "versicolor"
17 6.67 2.997 4.987 1.7 "versicolor"
17 6.006 2.898 4.488 1.497 "versicolor"
17 5.698 2.608 3.491 0.982 "versicolor"
17 5.503 2.39 3.794 1.092 "versicolor"
17 5.503 2.407 3.707 0.986 "versicolor"
17 5.797 2.7 3.909 1.198 "versicolor"
17 6.015 2.704 5.103 1.611 "versicolor"
17 5.398 3.002 4.486 1.483 "versicolor"
17 5.972 3.395 4.511 1.619 "versicolor"
17 6.698 3.091 4.695 1.48 "versicolor"
17 6.315 2.306 4.411 1.301 "versicolor"
17 5.594 2.99 4.11 1.289 "versicolor"
17 5.501 2.493 3.999 1.309 "versicolor"
17 5.496 2.597 4.398 1.193 "versicolor"
17 6.086 3.005 4.587 1.406 "versicolor"
17 5.825 2.601 3.991 1.207 "versicolor"
17 4.98 2.315 3.32 1.012 "versicolor"
17 5.62 2.726 4.204 1.286 "versicolor"
17 5.682 2.992 4.206 1.188 "versicolor"
17 5.71 2.887 4.202 1.271 "versicolor"
17 6.219 2.89 4.295 1.292 "versicolor"
17 5.091 2.518 3.009 1.105 "versicolor"
17 5.711 2.795 4.08 1.296 "versicolor"
17 6.305 3.306 6.001 2.507 "virginica"
17 5.803 2.673 5.078 1.902 "virginica"
17 7.094 2.977 5.909 2.091 "virginica"
17 6.286 2.908 5.596 1.805 "virginica"
17 6.499 3.006 5.825 2.201 "virginica"
17 7.6 3.015 6.597 2.103 "virginica"
17 4.904 2.502 4.488 1.703 "virginica"
17 7.302 2.902 6.308 1.792 "virginica"
17 6.705 2.505 5.784 1.791 "virginica"
17 7.19 3.606 6.104 2.508 "virginica"
17 6.499 3.202 5.101 1.982 "virginica"
17 6.388 2.692 5.306 1.886 "virginica"
17 6.806 3.012 5.506 2.087 "virginica"
17 5.694 2.502 4.994 1.987 "virginica"
17 5.801 2.777 5.111 2.398 "virginica"
17 6.383 3.209 5.288 2.287 "virginica"
17 6.492 3.007 5.49 1.798 "virginica"
17 7.706 3.796 6.709 2.193 "virginica"
17 7.682 2.591 6.903 2.288 "virginica"
17 5.99 2.198 4.999 1.509 "virginica"
17 6.874 3.191 5.685 2.307 "virginica"
17 5.611 2.801 4.892 1.99 "virginica"
17 7.714 2.804 6.698 1.991 "virginica"
17 6.312 2.694 4.915 1.81 "virginica"
17 6.702 3.314 5.694 2.092 "virginica"
17 7.206 3.193 6 1.816 "virginica"
17 6.199 2.794 4.799 1.802 "virginica"
17 6.09 2.994 4.908 1.808 "virginica"
17 6.396 2.818 5.616 2.089 "virginica"
17 7.212 3.013 5.806 1.61 "virginica"
17 7.407 2.792 6.09 1.903 "virginica"
17 7.892 3.786 6.41 2.002 "virginica"
17 6.416 2.805 5.599 2.193 "virginica"
17 6.305 2.817 5.092 1.498 "virginica"
17 6.102 2.608 5.603 1.395 "virginica"
17 7.695 2.999 6.1 2.292 "virginica"
17 6.308 3.402 5.59 2.386 "virginica"
17 6.412 3.101 5.495 1.798 "virginica"
17 6.001 3.009 4.814 1.802 "virginica"
17 6.883 3.108 5.391 2.104 "virginica"
17 6.697 3.106 5.607 2.406 "virginica"
17 6.908 3.092 5.09 2.31 "virginica"
17 5.799 2.705 5.099 1.893 "virginica"
17 6.795 3.203 5.91 2.289 "virginica"
17 6.68 3.294 5.711 2.506 "virginica"
17 6.704 3.003 5.203 2.307 "virginica"
17 6.285 2.502 4.983 1.898 "virginica"
17 6.478 2.987 5.191 1.998 "virginica"
17 6.186 3.394 5.397 2.296 "virginica"
17 5.909 2.999 5.114 1.817 "virginica"
