9 5.106 3.513 1.407 0.209 "setosa"
9 4.897 2.992 1.392 0.203 "setosa"
9 4.699 3.206 1.292 0.2 "setosa"
9 4.594 3.093 1.497 0.191 "setosa"
9 5.022 3.597 1.395 0.209 "setosa"
9 5.401 3.907 1.697 0.397 "setosa"
9 4.603 3.407 1.396 0.296 "setosa"
9 4.993 3.389 1.48 0.186 "setosa"
9 4.405 2.889 1.402 0.206 "setosa"
9 4.898 3.094 1.503 0.098 "setosa"
9 5.399 3.703 1.497 0.199 "setosa"
9 4.812 3.409 1.598 0.194 "setosa"
9 4.803 3.002 1.406 0.107 "setosa"
9 4.308 3.002 1.085 0.108 "setosa"
9 5.802 3.982 1.201 0.204 "setosa"
9 5.701 4.406 1.508 0.399 "setosa"
9 5.396 3.909 1.304 0.404 "setosa"
9 5.082 3.506 1.395 0.309 "setosa"
9 5.711 3.807 1.701 0.304 "setosa"
9 5.117 3.8 1.48 0.309 "setosa"
9 5.403 3.406 1.697 0.198 "setosa"
9 5.092 3.701 1.507 0.405 "setosa"
9 4.606 3.596 0.998 0.204 "setosa"
9 5.087 3.295 1.708 0.504 "setosa"
9 4.8 3.415 1.903 0.207 "setosa"
9 4.994 3 1.608 0.202 "setosa"
9 4.999 3.4 1.587 0.394 "setosa"
9 5.19 3.501 1.507 0.212 "setosa"
9 5.199 3.386 1.408 0.178 "setosa"
9 4.703 3.208 1.587 0.215 "setosa"
9 4.796 3.118 1.606 0.192 "setosa"
9 5.412 3.395 1.504 0.401 "setosa"
9 5.209 4.105 1.494 0.084 "setosa"
9 5.521 4.208 1.406 0.201 "setosa"
9 4.886 3.127 1.476 0.208 "setosa"
9 4.99 3.185 1.205 0.187 "setosa"
9 5.492 3.506 1.313 0.185 "setosa"
9 4.909 3.6 1.393 0.097 "setosa"
9 4.4 3.006 1.296 0.201 "setosa"
9 5.073 3.378 1.499 0.197 "setosa"
9 4.987 3.506 1.3 0.305 "setosa"
9 4.483 2.296 1.277 0.299 "setosa"
9 4.412 3.209 1.309 0.206 "setosa"
9 5.006 3.505 1.609 0.615 "setosa"
9 5.091 3.813 1.894 0.41 "setosa"
9 4.801 2.981 1.396 0.309 "setosa"
9 5.089 3.81 1.593 0.181 "setosa"
9 4.608 3.209 1.391 0.207 "setosa"
9 5.301 3.685 1.49 0.205 "setosa"
9 5.002 3.293 1.421 0.206 "setosa"
9 7.011 3.182 4.698 1.412 "versicolor"
9 6.394 3.205 4.508 1.493 "versicolor"
9 6.913 3.087 4.905 1.491 "versicolor"
9 5.499 2.311 3.998 1.311 "versicolor"
9 6.506 2.79 4.604 1.503 "versicolor"
9 5.7 2.792 4.509 1.292 "versicolor"
9 6.295 3.299 4.72 1.589 "versicolor"
9 4.902 2.393 3.296 1.004 "versicolor"
9 6.601 2.906 4.598 1.299 "versicolor"
9 5.196 2.711 3.907 1.405 "versicolor"
9 4.994 1.987 3.511 0.982 "versicolor"
9 5.908 2.997 4.2 1.488 "versicolor"
9 5.974 2.206 3.998 0.993 "versicolor"
9 6.119 2.888 4.713 1.412 "versicolor"
9 5.601 2.894 3.595 1.303 "versicolor"
9 6.706 3.08 4.395 1.399 "versicolor"
9 5.611 2.99 4.493 1.492 "versicolor"
9 5.794 2.698 4.098 0.993 "versicolor"
9 6.199 2.188 4.511 1.491 "versicolor"
9 5.609 2.512 3.904 1.091 "versicolor"
9 5.907 3.208 4.808 1.799 "versicolor"
9 6.1 2.8 3.99 1.296 "versicolor"
9 6.297 2.5 4.897 1.5 "versicolor"
9 6.099 2.794 4.677 1.201 "versicolor"
9 6.392 2.9 4.307 1.291 "versicolor"
9 6.618 2.979 4.398 1.392 "versicolor"
9 6.813 2.803 4.806 1.386 "versicolor"
9 6.703 2.996 5.025 1.693 "versicolor"
9 6.003 2.913 4.514 1.506 "versicolor"
9 5.707 2.601 3.497 1.011 "versicolor"
9 5.5 2.412 3.81 1.099 "versicolor"
9 5.482 2.397 3.717 1.001 "versicolor"
9 5.827 2.712 3.903 1.19 "versicolor"
9 6.009 2.717 5.092 1.588 "versicolor"
9 5.401 2.996 4.502 1.482 "versicolor"
9 5.999 3.391 4.495 1.579 "versicolor"
9 6.718 3.093 4.688 1.499 "versicolor"
9 6.287 2.297 4.395 1.313 "versicolor"
9 5.602 2.996 4.126 1.281 "versicolor"
9 5.5 2.502 3.995 1.295 "versicolor"
9 5.499 2.578 4.385 1.213 "versicolor"
9 6.098 2.996 4.596 1.388 "versicolor"
9 5.788 2.605 4.011 1.181 "versicolor"
9 4.99 2.305 3.291 0.991 "versicolor"
9 5.598 2.704 4.191 1.285 "versicolor"
9 5.696 3.001 4.193 1.195 "versicolor"
9 5.697 2.899 4.187 1.296 "versicolor"
9 6.191 2.899 4.302 1.292 "versicolor"
9 5.084 2.506 2.988 1.109 "versicolor"
9 5.709 2.82 4.087 1.301 "versicolor"
9 6.31 3.296 6.008 2.513 "virginica"
9 5.788 2.712 5.091 1.903 "virginica"
9 7.105 3.002 5.908 2.092 "virginica"
9 6.3 2.902 5.606 1.809 "virginica"
9 6.499 3.008 5.813 2.194 "virginica"
9 7.605 2.99 6.608 2.105 "virginica"
9 4.895 2.507 4.492 1.723 "virginica"
9 7.307 2.897 6.305 1.799 "virginica"
9 6.71 2.507 5.824 1.781 "virginica"
9 7.212 3.601 6.099 2.507 "virginica"
9 6.503 3.194 5.112 2.003 "virginica"
9 6.41 2.707 5.301 1.901 "virginica"
9 6.806 2.989 5.503 2.093 "virginica"
9 5.708 2.505 4.994 2.023 "virginica"
9 5.804 2.81 5.108 2.418 "virginica"
9 6.406 3.197 5.307 2.319 "virginica"
9 6.484 3.008 5.495 1.813 "virginica"
9 7.7 3.796 6.704 2.231 "virginica"
9 7.712 2.589 6.887 2.293 "virginica"
9 6.013 2.202 4.998 1.508 "virginica"
9 6.9 3.191 5.696 2.303 "virginica"
9 5.611 2.813 4.891 1.999 "virginica"
9 7.682 2.794 6.712 1.998 "virginica"
9 6.296 2.678 4.911 1.806 "virginica"
9 6.697 3.314 5.688 2.115 "virginica"
9 7.193 3.2 5.993 1.803 "virginica"
9 6.201 2.809 4.794 1.796 "virginica"
9 6.106 3.004 4.904 1.795 "virginica"
9 6.398 2.794 5.606 2.1 "virginica"
9 7.21 2.988 5.801 1.585 "virginica"
9 7.403 2.801 6.102 1.894 "virginica"
9 7.914 3.797 6.389 1.99 "virginica"
9 6.398 2.802 5.591 2.2 "virginica"
9 6.301 2.786 5.11 1.495 "virginica"
9 6.103 2.576 5.605 1.407 "virginica"
9 7.706 3.014 6.094 2.306 "virginica"
9 6.298 3.402 5.596 2.416 "virginica"
9 6.398 3.099 5.492 1.807 "virginica"
9 6.01 3.001 4.811 1.798 "virginica"
9 6.896 3.089 5.405 2.098 "virginica"
9 6.695 3.097 5.603 2.41 "virginica"
9 6.889 3.088 5.109 2.29 "virginica"
9 5.787 2.692 5.099 1.881 "virginica"
9 6.786 3.195 5.9 2.31 "virginica"
9 6.711 3.289 5.703 2.514 "virginica"
9 6.713 2.994 5.19 2.287 "virginica"
9 6.304 2.492 5.009 1.899 "virginica"
9 6.5 3.014 5.212 1.99 "virginica"
9 6.196 3.405 5.405 2.303 "virginica"
9 5.917 3.005 5.115 1.791 "virginica"
