60 5.086 3.485 1.4 0.205 "setosa"
60 4.888 3.001 1.407 0.2 "setosa"
60 4.678 3.199 1.302 0.192 "setosa"
60 4.599 3.11 1.513 0.192 "setosa"
60 4.998 3.603 1.407 0.184 "setosa"
60 5.395 3.915 1.698 0.401 "setosa"
60 4.592 3.404 1.398 0.308 "setosa"
60 4.989 3.398 1.508 0.191 "setosa"
60 4.409 2.907 1.386 0.184 "setosa"
60 4.9 3.102 1.494 0.082 "setosa"
60 5.381 3.711 1.487 0.189 "setosa"
60 4.808 3.384 1.613 0.2 "setosa"
60 4.795 3.007 1.405 0.099 "setosa"
60 4.3 2.993 1.091 0.109 "setosa"
60 5.795 3.996 1.194 0.191 "setosa"
60 5.706 4.406 1.506 0.4 "setosa"
60 5.408 3.889 1.297 0.406 "setosa"
60 5.097 3.493 1.41 0.306 "setosa"
60 5.708 3.797 1.708 0.295 "setosa"
60 5.108 3.791 1.512 0.31 "setosa"
60 5.404 3.415 1.685 0.21 "setosa"
60 5.093 3.698 1.485 0.403 "setosa"
60 4.612 3.595 0.992 0.194 "setosa"
60 5.111 3.303 1.703 0.479 "setosa"
60 4.807 3.413 1.905 0.188 "setosa"
60 4.989 3.008 1.605 0.197 "setosa"
60 5.001 3.394 1.583 0.393 "setosa"
60 5.208 3.518 1.504 0.206 "setosa"
60 5.223 3.413 1.404 0.182 "setosa"
60 4.701 3.193 1.608 0.21 "setosa"
60 4.803 3.102 1.592 0.194 "setosa"
60 5.396 3.401 1.496 0.399 "setosa"
60 5.215 4.085 1.498 0.098 "setosa"
60 5.5 4.194 1.384 0.197 "setosa"
60 4.902 3.092 1.497 0.209 "setosa"
60 5.005 3.202 1.199 0.204 "setosa"
60 5.499 3.487 1.306 0.181 "setosa"
60 4.892 3.617 1.401 0.115 "setosa"
60 4.393 3.008 1.287 0.199 "setosa"
60 5.086 3.43 1.497 0.2 "setosa"
60 5.022 3.487 1.294 0.306 "setosa"
60 4.5 2.293 1.302 0.307 "setosa"
60 4.403 3.217 1.289 0.196 "setosa"
60 4.999 3.477 1.6 0.599 "setosa"
60 5.088 3.79 1.904 0.39 "setosa"
60 4.77 3.009 1.388 0.307 "setosa"
60 5.095 3.8 1.606 0.182 "setosa"
60 4.614 3.205 1.402 0.198 "setosa"
60 5.311 3.696 1.519 0.202 "setosa"
60 5 3.3 1.423 0.194 "setosa"
60 7.009 3.203 4.713 1.401 "versicolor"
60 6.398 3.194 4.505 1.491 "versicolor"
60 6.897 3.085 4.902 1.511 "versicolor"
60 5.484 2.293 3.998 1.3 "versicolor"
60 6.505 2.787 4.609 1.487 "versicolor"
60 5.712 2.805 4.49 1.291 "versicolor"
60 6.292 3.307 4.728 1.599 "versicolor"
60 4.902 2.4 3.287 0.992 "versicolor"
60 6.609 2.894 4.605 1.302 "versicolor"
60 5.202 2.693 3.912 1.386 "versicolor"
60 5.006 2.003 3.495 0.995 "versicolor"
60 5.889 3.015 4.202 1.5 "versicolor"
60 6.011 2.202 4.019 0.991 "versicolor"
60 6.092 2.904 4.705 1.404 "versicolor"
60 5.603 2.911 3.58 1.321 "versicolor"
60 6.694 3.099 4.412 1.394 "versicolor"
60 5.588 3.01 4.515 1.5 "versicolor"
60 5.793 2.701 4.108 0.987 "versicolor"
60 6.229 2.208 4.492 1.499 "versicolor"
60 5.594 2.502 3.899 1.107 "versicolor"
60 5.896 3.172 4.798 1.808 "versicolor"
60 6.095 2.776 3.986 1.309 "versicolor"
60 6.309 2.506 4.903 1.489 "versicolor"
60 6.11 2.799 4.719 1.21 "versicolor"
60 6.405 2.886 4.288 1.307 "versicolor"
60 6.606 2.975 4.424 1.4 "versicolor"
60 6.805 2.8 4.807 1.396 "versicolor"
60 6.703 2.997 5.003 1.694 "versicolor"
60 5.998 2.888 4.504 1.529 "versicolor"
60 5.689 2.595 3.499 1.011 "versicolor"
60 5.495 2.417 3.793 1.113 "versicolor"
60 5.507 2.403 3.674 0.993 "versicolor"
60 5.809 2.701 3.897 1.199 "versicolor"
60 5.993 2.706 5.091 1.601 "versicolor"
60 5.388 3.007 4.498 1.508 "versicolor"
60 6.012 3.403 4.481 1.595 "versicolor"
60 6.711 3.094 4.698 1.52 "versicolor"
60 6.291 2.304 4.402 1.296 "versicolor"
60 5.616 3.002 4.097 1.303 "versicolor"
60 5.493 2.499 4.008 1.316 "versicolor"
60 5.492 2.581 4.405 1.196 "versicolor"
60 6.107 2.999 4.599 1.395 "versicolor"
60 5.817 2.595 4.016 1.192 "versicolor"
60 5.013 2.305 3.303 0.986 "versicolor"
60 5.6 2.681 4.196 1.307 "versicolor"
60 5.696 3 4.182 1.191 "versicolor"
60 5.703 2.888 4.211 1.296 "versicolor"
60 6.194 2.912 4.303 1.287 "versicolor"
60 5.098 2.513 2.993 1.109 "versicolor"
60 5.698 2.786 4.094 1.3 "versicolor"
60 6.303 3.3 5.993 2.482 "virginica"
60 5.781 2.682 5.087 1.916 "virginica"
60 7.103 3.011 5.897 2.1 "virginica"
60 6.318 2.886 5.609 1.798 "virginica"
60 6.489 2.993 5.802 2.206 "virginica"
60 7.584 2.989 6.592 2.112 "virginica"
60 4.887 2.532 4.496 1.701 "virginica"
60 7.296 2.897 6.295 1.8 "virginica"
60 6.698 2.499 5.78 1.806 "virginica"
60 7.178 3.615 6.08 2.521 "virginica"
60 6.501 3.204 5.088 1.99 "virginica"
60 6.398 2.697 5.313 1.893 "virginica"
60 6.805 2.988 5.523 2.104 "virginica"
60 5.706 2.515 4.988 2.014 "virginica"
60 5.83 2.814 5.11 2.407 "virginica"
60 6.395 3.206 5.294 2.31 "virginica"
60 6.5 2.993 5.513 1.789 "virginica"
60 7.698 3.808 6.689 2.2 "virginica"
60 7.696 2.593 6.899 2.3 "virginica"
60 5.981 2.214 4.994 1.481 "virginica"
60 6.901 3.217 5.703 2.303 "virginica"
60 5.591 2.817 4.905 2.005 "virginica"
60 7.698 2.813 6.709 1.992 "virginica"
60 6.306 2.708 4.905 1.823 "virginica"
60 6.71 3.319 5.71 2.111 "virginica"
60 7.203 3.205 6.017 1.8 "virginica"
60 6.202 2.795 4.795 1.811 "virginica"
60 6.095 2.997 4.897 1.799 "virginica"
60 6.403 2.81 5.62 2.119 "virginica"
60 7.206 3.017 5.802 1.596 "virginica"
60 7.411 2.797 6.082 1.898 "virginica"
60 7.882 3.796 6.419 2.003 "virginica"
60 6.4 2.807 5.577 2.195 "virginica"
60 6.313 2.803 5.086 1.506 "virginica"
60 6.107 2.592 5.604 1.378 "virginica"
60 7.694 2.998 6.098 2.299 "virginica"
60 6.292 3.399 5.602 2.409 "virginica"
60 6.393 3.118 5.506 1.804 "virginica"
60 6.005 2.998 4.823 1.804 "virginica"
60 6.897 3.105 5.394 2.105 "virginica"
60 6.702 3.093 5.609 2.391 "virginica"
60 6.898 3.092 5.098 2.299 "virginica"
60 5.799 2.671 5.098 1.901 "virginica"
60 6.802 3.193 5.907 2.302 "virginica"
60 6.706 3.298 5.704 2.488 "virginica"
60 6.693 3.006 5.195 2.292 "virginica"
60 6.305 2.502 4.998 1.914 "virginica"
60 6.495 2.984 5.206 1.997 "virginica"
60 6.206 3.391 5.389 2.298 "virginica"
60 5.905 3 5.103 1.823 "virginica"
