55 5.084 3.508 1.397 0.192 "setosa"
55 4.894 3.011 1.386 0.195 "setosa"
55 4.7 3.194 1.306 0.211 "setosa"
55 4.608 3.101 1.483 0.217 "setosa"
55 4.984 3.592 1.398 0.209 "setosa"
55 5.405 3.905 1.687 0.405 "setosa"
55 4.605 3.395 1.394 0.276 "setosa"
55 5.021 3.384 1.501 0.213 "setosa"
55 4.411 2.879 1.393 0.197 "setosa"
55 4.895 3.094 1.48 0.079 "setosa"
55 5.39 3.692 1.509 0.192 "setosa"
55 4.787 3.401 1.597 0.192 "setosa"
55 4.801 3.007 1.385 0.112 "setosa"
55 4.296 3.003 1.1 0.09 "setosa"
55 5.796 4.01 1.194 0.191 "setosa"
55 5.71 4.4 1.498 0.389 "setosa"
55 5.397 3.905 1.303 0.389 "setosa"
55 5.093 3.496 1.392 0.285 "setosa"
55 5.702 3.788 1.701 0.306 "setosa"
55 5.123 3.806 1.511 0.297 "setosa"
55 5.381 3.402 1.695 0.203 "setosa"
55 5.113 3.702 1.502 0.4 "setosa"
55 4.607 3.593 0.994 0.191 "setosa"
55 5.114 3.299 1.685 0.5 "setosa"
55 4.804 3.376 1.895 0.194 "setosa"
55 5.011 3.011 1.591 0.206 "setosa"
55 5.005 3.401 1.602 0.407 "setosa"
55 5.208 3.496 1.494 0.208 "setosa"
55 5.192 3.403 1.413 0.199 "setosa"
55 4.702 3.2 1.612 0.171 "setosa"
55 4.793 3.09 1.585 0.209 "setosa"
55 5.412 3.404 1.504 0.387 "setosa"
55 5.209 4.091 1.5 0.083 "setosa"
55 5.495 4.217 1.398 0.192 "setosa"
55 4.9 3.095 1.508 0.213 "setosa"
55 4.976 3.194 1.219 0.207 "setosa"
55 5.512 3.487 1.302 0.2 "setosa"
55 4.907 3.616 1.408 0.097 "setosa"
55 4.396 3.013 1.29 0.205 "setosa"
55 5.082 3.404 1.49 0.208 "setosa"
55 4.988 3.497 1.308 0.318 "setosa"
55 4.498 2.289 1.287 0.291 "setosa"
55 4.391 3.174 1.284 0.206 "setosa"
55 4.992 3.495 1.59 0.604 "setosa"
55 5.076 3.796 1.915 0.393 "setosa"
55 4.794 2.991 1.406 0.311 "setosa"
55 5.094 3.809 1.6 0.179 "setosa"
55 4.599 3.207 1.403 0.185 "setosa"
55 5.293 3.712 1.49 0.213 "setosa"
55 5.016 3.293 1.4 0.187 "setosa"
55 7.01 3.198 4.678 1.398 "versicolor"
55 6.391 3.189 4.511 1.499 "versicolor"
55 6.876 3.091 4.91 1.5 "versicolor"
55 5.512 2.305 4.005 1.305 "versicolor"
55 6.487 2.813 4.618 1.51 "versicolor"
55 5.717 2.804 4.498 1.288 "versicolor"
55 6.313 3.298 4.695 1.599 "versicolor"
55 4.894 2.414 3.304 1.001 "versicolor"
55 6.604 2.878 4.594 1.306 "versicolor"
55 5.196 2.705 3.898 1.399 "versicolor"
55 4.999 1.99 3.498 0.997 "versicolor"
55 5.915 2.987 4.191 1.506 "versicolor"
55 5.993 2.187 4.006 1.007 "versicolor"
55 6.101 2.906 4.702 1.391 "versicolor"
55 5.601 2.889 3.608 1.29 "versicolor"
55 6.686 3.093 4.397 1.413 "versicolor"
55 5.584 2.997 4.502 1.492 "versicolor"
55 5.804 2.69 4.105 1.007 "versicolor"
55 6.19 2.194 4.51 1.502 "versicolor"
55 5.603 2.509 3.885 1.098 "versicolor"
55 5.908 3.2 4.797 1.818 "versicolor"
55 6.079 2.809 4.01 1.314 "versicolor"
55 6.317 2.498 4.905 1.481 "versicolor"
55 6.11 2.816 4.707 1.212 "versicolor"
55 6.383 2.883 4.301 1.299 "versicolor"
55 6.605 2.987 4.402 1.41 "versicolor"
55 6.796 2.801 4.798 1.414 "versicolor"
55 6.72 3.004 5.004 1.696 "versicolor"
55 6.01 2.905 4.491 1.515 "versicolor"
55 5.695 2.606 3.514 0.989 "versicolor"
55 5.493 2.402 3.783 1.104 "versicolor"
55 5.501 2.398 3.709 0.987 "versicolor"
55 5.788 2.694 3.891 1.202 "versicolor"
55 6.017 2.719 5.087 1.61 "versicolor"
55 5.408 3.012 4.487 1.492 "versicolor"
55 5.984 3.413 4.498 1.604 "versicolor"
55 6.709 3.109 4.692 1.495 "versicolor"
55 6.297 2.305 4.394 1.302 "versicolor"
55 5.598 3.001 4.109 1.305 "versicolor"
55 5.493 2.498 3.988 1.298 "versicolor"
55 5.481 2.613 4.387 1.194 "versicolor"
55 6.102 2.993 4.606 1.387 "versicolor"
55 5.812 2.604 4.014 1.188 "versicolor"
55 4.998 2.293 3.301 1.002 "versicolor"
55 5.594 2.704 4.21 1.3 "versicolor"
55 5.702 2.989 4.207 1.195 "versicolor"
55 5.704 2.91 4.221 1.299 "versicolor"
55 6.221 2.883 4.3 1.292 "versicolor"
55 5.106 2.523 2.99 1.099 "versicolor"
55 5.699 2.788 4.11 1.287 "versicolor"
55 6.3 3.317 5.989 2.515 "virginica"
55 5.797 2.714 5.106 1.9 "virginica"
55 7.111 3.002 5.914 2.095 "virginica"
55 6.295 2.891 5.6 1.797 "virginica"
55 6.497 3 5.807 2.187 "virginica"
55 7.587 3.016 6.606 2.101 "virginica"
55 4.91 2.512 4.502 1.718 "virginica"
55 7.295 2.884 6.306 1.795 "virginica"
55 6.7 2.512 5.804 1.806 "virginica"
55 7.197 3.595 6.102 2.508 "virginica"
55 6.503 3.199 5.104 2.007 "virginica"
55 6.377 2.705 5.309 1.887 "virginica"
55 6.803 3.001 5.491 2.116 "virginica"
55 5.704 2.504 5.007 2.018 "virginica"
55 5.796 2.802 5.099 2.42 "virginica"
55 6.391 3.21 5.309 2.316 "virginica"
55 6.5 2.992 5.522 1.793 "virginica"
55 7.701 3.802 6.716 2.23 "virginica"
55 7.698 2.601 6.906 2.295 "virginica"
55 6.016 2.219 4.986 1.501 "virginica"
55 6.886 3.202 5.693 2.3 "virginica"
55 5.593 2.808 4.889 2.005 "virginica"
55 7.704 2.802 6.689 2.012 "virginica"
55 6.294 2.7 4.899 1.799 "virginica"
55 6.699 3.293 5.705 2.102 "virginica"
55 7.191 3.208 6.002 1.811 "virginica"
55 6.208 2.805 4.817 1.793 "virginica"
55 6.099 3.019 4.911 1.798 "virginica"
55 6.382 2.808 5.612 2.091 "virginica"
55 7.197 3.019 5.795 1.583 "virginica"
55 7.378 2.808 6.111 1.9 "virginica"
55 7.89 3.796 6.395 1.988 "virginica"
55 6.403 2.812 5.598 2.207 "virginica"
55 6.284 2.793 5.102 1.51 "virginica"
55 6.106 2.605 5.606 1.397 "virginica"
55 7.703 3.014 6.09 2.295 "virginica"
55 6.288 3.411 5.611 2.385 "virginica"
55 6.395 3.101 5.489 1.783 "virginica"
55 6.017 3.012 4.804 1.788 "virginica"
55 6.908 3.086 5.398 2.101 "virginica"
55 6.683 3.099 5.615 2.39 "virginica"
55 6.883 3.111 5.099 2.305 "virginica"
55 5.799 2.7 5.105 1.901 "virginica"
55 6.794 3.2 5.902 2.294 "virginica"
55 6.704 3.284 5.686 2.508 "virginica"
55 6.697 2.977 5.207 2.287 "virginica"
55 6.291 2.487 5.012 1.919 "virginica"
55 6.513 2.998 5.196 1.99 "virginica"
55 6.196 3.394 5.412 2.287 "virginica"
55 5.886 3.002 5.088 1.812 "virginica"
