66 5.1 3.501 1.394 0.216 "setosa"
66 4.896 3.011 1.403 0.2 "setosa"
66 4.689 3.195 1.316 0.204 "setosa"
66 4.606 3.096 1.509 0.198 "setosa"
66 5.001 3.61 1.382 0.2 "setosa"
66 5.402 3.893 1.702 0.42 "setosa"
66 4.601 3.401 1.402 0.302 "setosa"
66 4.999 3.397 1.487 0.207 "setosa"
66 4.397 2.889 1.388 0.217 "setosa"
66 4.914 3.097 1.494 0.093 "setosa"
66 5.391 3.698 1.491 0.193 "setosa"
66 4.784 3.413 1.601 0.207 "setosa"
66 4.787 3.011 1.415 0.108 "setosa"
66 4.297 2.998 1.107 0.099 "setosa"
66 5.812 3.994 1.211 0.191 "setosa"
66 5.703 4.407 1.496 0.395 "setosa"
66 5.397 3.895 1.306 0.395 "setosa"
66 5.105 3.49 1.396 0.293 "setosa"
66 5.704 3.787 1.703 0.302 "setosa"
66 5.08 3.804 1.51 0.309 "setosa"
66 5.403 3.405 1.702 0.208 "setosa"
66 5.101 3.689 1.501 0.402 "setosa"
66 4.607 3.597 0.991 0.204 "setosa"
66 5.101 3.288 1.697 0.494 "setosa"
66 4.802 3.391 1.912 0.203 "setosa"
66 5.003 3.004 1.612 0.2 "setosa"
66 4.982 3.397 1.602 0.395 "setosa"
66 5.193 3.522 1.492 0.198 "setosa"
66 5.199 3.405 1.426 0.191 "setosa"
66 4.713 3.204 1.58 0.186 "setosa"
66 4.823 3.086 1.604 0.201 "setosa"
66 5.39 3.409 1.51 0.403 "setosa"
66 5.175 4.098 1.514 0.105 "setosa"
66 5.509 4.203 1.394 0.219 "setosa"
66 4.902 3.1 1.495 0.199 "setosa"
66 5.011 3.214 1.183 0.209 "setosa"
66 5.504 3.514 1.293 0.202 "setosa"
66 4.908 3.595 1.399 0.103 "setosa"
66 4.402 3.006 1.301 0.197 "setosa"
66 5.093 3.383 1.505 0.186 "setosa"
66 5.005 3.495 1.306 0.285 "setosa"
66 4.515 2.298 1.3 0.285 "setosa"
66 4.398 3.214 1.299 0.206 "setosa"
66 5.009 3.49 1.599 0.582 "setosa"
66 5.102 3.804 1.9 0.403 "setosa"
66 4.792 3.001 1.395 0.291 "setosa"
66 5.109 3.82 1.598 0.216 "setosa"
66 4.587 3.196 1.381 0.217 "setosa"
66 5.28 3.704 1.514 0.193 "setosa"
66 5.002 3.292 1.381 0.182 "setosa"
66 7.002 3.194 4.704 1.413 "versicolor"
66 6.391 3.183 4.488 1.5 "versicolor"
66 6.915 3.104 4.92 1.517 "versicolor"
66 5.529 2.302 4.01 1.301 "versicolor"
66 6.504 2.801 4.598 1.493 "versicolor"
66 5.682 2.799 4.517 1.301 "versicolor"
66 6.296 3.294 4.712 1.59 "versicolor"
66 4.888 2.394 3.286 1.011 "versicolor"
66 6.604 2.907 4.583 1.299 "versicolor"
66 5.212 2.699 3.892 1.392 "versicolor"
66 5.008 2.011 3.512 0.999 "versicolor"
66 5.912 3.011 4.201 1.493 "versicolor"
66 5.995 2.202 3.993 0.998 "versicolor"
66 6.085 2.888 4.695 1.405 "versicolor"
66 5.598 2.887 3.596 1.301 "versicolor"
66 6.671 3.096 4.394 1.392 "versicolor"
66 5.596 2.999 4.507 1.491 "versicolor"
66 5.8 2.709 4.08 0.98 "versicolor"
66 6.204 2.186 4.485 1.507 "versicolor"
66 5.588 2.495 3.908 1.095 "versicolor"
66 5.905 3.189 4.803 1.813 "versicolor"
66 6.095 2.789 4.005 1.278 "versicolor"
66 6.304 2.495 4.888 1.503 "versicolor"
66 6.092 2.807 4.703 1.196 "versicolor"
66 6.397 2.902 4.303 1.292 "versicolor"
66 6.594 3.006 4.397 1.404 "versicolor"
66 6.792 2.783 4.794 1.407 "versicolor"
66 6.699 2.986 5.009 1.708 "versicolor"
66 5.991 2.901 4.505 1.502 "versicolor"
66 5.682 2.596 3.491 0.996 "versicolor"
66 5.51 2.384 3.799 1.098 "versicolor"
66 5.506 2.406 3.694 1.005 "versicolor"
66 5.797 2.712 3.888 1.206 "versicolor"
66 5.995 2.713 5.08 1.593 "versicolor"
66 5.409 2.99 4.513 1.504 "versicolor"
66 5.983 3.382 4.504 1.62 "versicolor"
66 6.694 3.124 4.704 1.499 "versicolor"
66 6.309 2.312 4.411 1.324 "versicolor"
66 5.59 3.011 4.109 1.303 "versicolor"
66 5.497 2.498 4.014 1.305 "versicolor"
66 5.507 2.604 4.402 1.194 "versicolor"
66 6.092 2.997 4.602 1.399 "versicolor"
66 5.788 2.591 4.004 1.202 "versicolor"
66 5.01 2.305 3.308 1.001 "versicolor"
66 5.617 2.685 4.211 1.297 "versicolor"
66 5.702 2.989 4.195 1.21 "versicolor"
66 5.688 2.902 4.222 1.303 "versicolor"
66 6.18 2.905 4.309 1.292 "versicolor"
66 5.109 2.497 2.988 1.104 "versicolor"
66 5.693 2.802 4.096 1.296 "versicolor"
66 6.286 3.3 5.985 2.507 "virginica"
66 5.812 2.712 5.096 1.906 "virginica"
66 7.092 3.026 5.899 2.084 "virginica"
66 6.312 2.912 5.584 1.79 "virginica"
66 6.511 2.993 5.798 2.2 "virginica"
66 7.617 2.996 6.599 2.092 "virginica"
66 4.89 2.503 4.507 1.692 "virginica"
66 7.304 2.89 6.303 1.806 "virginica"
66 6.722 2.494 5.822 1.79 "virginica"
66 7.21 3.606 6.09 2.51 "virginica"
66 6.512 3.218 5.082 2 "virginica"
66 6.414 2.716 5.298 1.898 "virginica"
66 6.797 2.99 5.501 2.106 "virginica"
66 5.689 2.516 4.999 1.978 "virginica"
66 5.8 2.804 5.097 2.392 "virginica"
66 6.409 3.218 5.303 2.304 "virginica"
66 6.5 2.999 5.51 1.793 "virginica"
66 7.713 3.795 6.683 2.235 "virginica"
66 7.69 2.595 6.903 2.293 "virginica"
66 6.008 2.201 4.991 1.486 "virginica"
66 6.919 3.211 5.708 2.305 "virginica"
66 5.609 2.806 4.902 2.001 "virginica"
66 7.688 2.792 6.698 1.999 "virginica"
66 6.302 2.708 4.902 1.806 "virginica"
66 6.702 3.299 5.71 2.106 "virginica"
66 7.19 3.192 6.006 1.799 "virginica"
66 6.183 2.796 4.805 1.8 "virginica"
66 6.091 3.001 4.902 1.784 "virginica"
66 6.402 2.802 5.599 2.102 "virginica"
66 7.205 3.004 5.825 1.608 "virginica"
66 7.418 2.795 6.094 1.897 "virginica"
66 7.894 3.8 6.398 1.999 "virginica"
66 6.42 2.791 5.608 2.187 "virginica"
66 6.305 2.789 5.097 1.495 "virginica"
66 6.099 2.604 5.59 1.402 "virginica"
66 7.702 3.009 6.088 2.288 "virginica"
66 6.303 3.402 5.609 2.404 "virginica"
66 6.415 3.104 5.494 1.813 "virginica"
66 6.004 2.998 4.803 1.799 "virginica"
66 6.874 3.095 5.397 2.118 "virginica"
66 6.712 3.099 5.604 2.411 "virginica"
66 6.901 3.102 5.098 2.297 "virginica"
66 5.79 2.699 5.093 1.888 "virginica"
66 6.792 3.21 5.909 2.307 "virginica"
66 6.698 3.307 5.678 2.513 "virginica"
66 6.694 3.005 5.19 2.285 "virginica"
66 6.286 2.495 4.988 1.915 "virginica"
66 6.505 2.986 5.192 1.99 "virginica"
66 6.206 3.379 5.402 2.315 "virginica"
66 5.895 2.992 5.124 1.808 "virginica"
