39 5.103 3.487 1.402 0.201 "setosa"
39 4.902 3.008 1.407 0.218 "setosa"
39 4.7 3.196 1.298 0.199 "setosa"
39 4.623 3.099 1.489 0.21 "setosa"
39 5.001 3.587 1.404 0.199 "setosa"
39 5.412 3.906 1.705 0.386 "setosa"
39 4.589 3.397 1.411 0.297 "setosa"
39 5.012 3.399 1.509 0.21 "setosa"
39 4.406 2.911 1.414 0.189 "setosa"
39 4.905 3.1 1.502 0.099 "setosa"
39 5.401 3.688 1.501 0.191 "setosa"
39 4.802 3.402 1.592 0.191 "setosa"
39 4.795 2.99 1.389 0.087 "setosa"
39 4.283 2.994 1.123 0.101 "setosa"
39 5.803 4.013 1.191 0.198 "setosa"
39 5.703 4.414 1.509 0.401 "setosa"
39 5.401 3.904 1.295 0.4 "setosa"
39 5.093 3.496 1.4 0.286 "setosa"
39 5.709 3.803 1.698 0.304 "setosa"
39 5.107 3.789 1.506 0.297 "setosa"
39 5.39 3.394 1.694 0.2 "setosa"
39 5.084 3.7 1.498 0.418 "setosa"
39 4.581 3.615 0.999 0.197 "setosa"
39 5.112 3.3 1.724 0.501 "setosa"
39 4.806 3.408 1.905 0.186 "setosa"
39 4.997 3.013 1.611 0.212 "setosa"
39 5.005 3.398 1.607 0.415 "setosa"
39 5.194 3.495 1.492 0.199 "setosa"
39 5.205 3.397 1.404 0.19 "setosa"
39 4.704 3.204 1.589 0.201 "setosa"
39 4.798 3.094 1.598 0.18 "setosa"
39 5.406 3.408 1.484 0.402 "setosa"
39 5.194 4.1 1.501 0.102 "setosa"
39 5.493 4.204 1.402 0.189 "setosa"
39 4.916 3.105 1.5 0.2 "setosa"
39 5.015 3.204 1.205 0.2 "setosa"
39 5.497 3.517 1.294 0.211 "setosa"
39 4.894 3.603 1.389 0.107 "setosa"
39 4.404 3.004 1.299 0.169 "setosa"
39 5.101 3.401 1.504 0.205 "setosa"
39 5.007 3.489 1.304 0.305 "setosa"
39 4.505 2.305 1.295 0.297 "setosa"
39 4.399 3.219 1.311 0.195 "setosa"
39 5.009 3.485 1.608 0.599 "setosa"
39 5.089 3.79 1.921 0.406 "setosa"
39 4.805 2.994 1.402 0.298 "setosa"
39 5.105 3.815 1.59 0.191 "setosa"
39 4.613 3.217 1.387 0.205 "setosa"
39 5.279 3.701 1.494 0.2 "setosa"
39 4.992 3.3 1.385 0.211 "setosa"
39 7.017 3.193 4.707 1.406 "versicolor"
39 6.409 3.197 4.506 1.496 "versicolor"
39 6.91 3.102 4.892 1.516 "versicolor"
39 5.511 2.303 3.982 1.307 "versicolor"
39 6.499 2.78 4.598 1.499 "versicolor"
39 5.685 2.804 4.512 1.307 "versicolor"
39 6.316 3.302 4.712 1.587 "versicolor"
39 4.916 2.393 3.301 1 "versicolor"
39 6.592 2.898 4.593 1.304 "versicolor"
39 5.208 2.695 3.905 1.407 "versicolor"
39 5.008 2.003 3.488 0.992 "versicolor"
39 5.908 2.999 4.184 1.495 "versicolor"
39 5.996 2.194 3.993 1.006 "versicolor"
39 6.098 2.912 4.707 1.4 "versicolor"
39 5.587 2.9 3.584 1.301 "versicolor"
39 6.709 3.093 4.395 1.41 "versicolor"
39 5.605 3.006 4.502 1.489 "versicolor"
39 5.81 2.698 4.1 1.001 "versicolor"
39 6.193 2.201 4.474 1.504 "versicolor"
39 5.597 2.502 3.91 1.114 "versicolor"
39 5.906 3.211 4.797 1.82 "versicolor"
39 6.091 2.808 3.99 1.309 "versicolor"
39 6.3 2.488 4.901 1.497 "versicolor"
39 6.103 2.808 4.699 1.201 "versicolor"
39 6.415 2.91 4.29 1.306 "versicolor"
39 6.597 3.003 4.392 1.391 "versicolor"
39 6.788 2.792 4.798 1.397 "versicolor"
39 6.68 3.004 4.997 1.719 "versicolor"
39 5.995 2.889 4.49 1.486 "versicolor"
39 5.698 2.606 3.505 1.001 "versicolor"
39 5.49 2.424 3.819 1.1 "versicolor"
39 5.498 2.399 3.704 1.015 "versicolor"
39 5.799 2.689 3.901 1.206 "versicolor"
39 5.983 2.712 5.111 1.61 "versicolor"
39 5.404 3.015 4.505 1.518 "versicolor"
39 6.023 3.412 4.501 1.592 "versicolor"
39 6.699 3.106 4.697 1.514 "versicolor"
39 6.295 2.3 4.395 1.295 "versicolor"
39 5.595 2.979 4.1 1.294 "versicolor"
39 5.509 2.509 4.004 1.291 "versicolor"
39 5.505 2.58 4.415 1.202 "versicolor"
39 6.105 3.007 4.594 1.393 "versicolor"
39 5.797 2.59 4.003 1.212 "versicolor"
39 4.992 2.301 3.296 1.006 "versicolor"
39 5.598 2.697 4.204 1.313 "versicolor"
39 5.687 2.998 4.198 1.207 "versicolor"
39 5.713 2.923 4.187 1.292 "versicolor"
39 6.203 2.887 4.28 1.316 "versicolor"
39 5.097 2.507 3.002 1.103 "versicolor"
39 5.699 2.824 4.111 1.281 "versicolor"
39 6.288 3.308 5.99 2.488 "virginica"
39 5.802 2.711 5.114 1.911 "virginica"
39 7.088 3.002 5.886 2.087 "virginica"
39 6.313 2.9 5.597 1.799 "virginica"
39 6.499 2.999 5.789 2.219 "virginica"
39 7.6 3.006 6.616 2.098 "virginica"
39 4.893 2.507 4.482 1.711 "virginica"
39 7.299 2.904 6.292 1.807 "virginica"
39 6.697 2.495 5.822 1.786 "virginica"
39 7.191 3.603 6.098 2.493 "virginica"
39 6.507 3.197 5.097 1.989 "virginica"
39 6.41 2.722 5.303 1.907 "virginica"
39 6.786 3.011 5.488 2.103 "virginica"
39 5.703 2.496 5.023 2.013 "virginica"
39 5.796 2.797 5.106 2.414 "virginica"
39 6.412 3.205 5.276 2.295 "virginica"
39 6.502 3 5.488 1.791 "virginica"
39 7.703 3.789 6.711 2.2 "virginica"
39 7.709 2.609 6.897 2.286 "virginica"
39 5.997 2.208 5.015 1.516 "virginica"
39 6.912 3.191 5.704 2.298 "virginica"
39 5.598 2.811 4.915 2.024 "virginica"
39 7.712 2.798 6.697 1.985 "virginica"
39 6.298 2.695 4.9 1.786 "virginica"
39 6.695 3.303 5.682 2.086 "virginica"
39 7.21 3.209 6.003 1.795 "virginica"
39 6.191 2.808 4.797 1.794 "virginica"
39 6.103 3.002 4.907 1.772 "virginica"
39 6.399 2.79 5.611 2.097 "virginica"
39 7.193 3.012 5.802 1.594 "virginica"
39 7.392 2.82 6.107 1.893 "virginica"
39 7.895 3.791 6.416 2.005 "virginica"
39 6.38 2.809 5.596 2.2 "virginica"
39 6.301 2.795 5.104 1.502 "virginica"
39 6.089 2.591 5.6 1.396 "virginica"
39 7.708 2.987 6.102 2.311 "virginica"
39 6.299 3.396 5.577 2.384 "virginica"
39 6.396 3.122 5.503 1.813 "virginica"
39 6.012 2.992 4.801 1.811 "virginica"
39 6.902 3.115 5.402 2.097 "virginica"
39 6.685 3.087 5.59 2.387 "virginica"
39 6.903 3.084 5.081 2.306 "virginica"
39 5.791 2.7 5.123 1.893 "virginica"
39 6.787 3.195 5.897 2.314 "virginica"
39 6.703 3.304 5.698 2.508 "virginica"
39 6.686 3 5.193 2.293 "virginica"
39 6.3 2.49 4.988 1.891 "virginica"
39 6.498 2.998 5.203 2.001 "virginica"
39 6.207 3.408 5.393 2.288 "virginica"
39 5.888 3.007 5.096 1.796 "virginica"
