45 5.114 3.491 1.398 0.201 "setosa"
45 4.897 3.007 1.4 0.194 "setosa"
45 4.689 3.202 1.291 0.207 "setosa"
45 4.604 3.109 1.507 0.199 "setosa"
45 5.002 3.586 1.415 0.2 "setosa"
45 5.4 3.9 1.72 0.406 "setosa"
45 4.589 3.404 1.4 0.295 "setosa"
45 5.02 3.391 1.507 0.209 "setosa"
45 4.394 2.881 1.391 0.206 "setosa"
45 4.894 3.099 1.487 0.103 "setosa"
45 5.402 3.689 1.491 0.209 "setosa"
45 4.798 3.407 1.596 0.21 "setosa"
45 4.812 2.993 1.407 0.088 "setosa"
45 4.295 2.993 1.098 0.105 "setosa"
45 5.803 4.013 1.183 0.209 "setosa"
45 5.709 4.416 1.478 0.399 "setosa"
45 5.398 3.904 1.314 0.415 "setosa"
45 5.109 3.496 1.404 0.311 "setosa"
45 5.688 3.813 1.708 0.3 "setosa"
45 5.088 3.819 1.499 0.293 "setosa"
45 5.404 3.396 1.712 0.2 "setosa"
45 5.103 3.692 1.503 0.4 "setosa"
45 4.596 3.617 0.995 0.204 "setosa"
45 5.097 3.305 1.705 0.505 "setosa"
45 4.804 3.396 1.887 0.198 "setosa"
45 4.993 3.001 1.611 0.188 "setosa"
45 4.991 3.395 1.611 0.401 "setosa"
45 5.196 3.501 1.5 0.195 "setosa"
45 5.198 3.402 1.402 0.2 "setosa"
45 4.693 3.224 1.606 0.211 "setosa"
45 4.802 3.12 1.583 0.202 "setosa"
45 5.407 3.403 1.498 0.381 "setosa"
45 5.196 4.092 1.515 0.094 "setosa"
45 5.508 4.224 1.42 0.226 "setosa"
45 4.896 3.1 1.49 0.188 "setosa"
45 5.004 3.186 1.199 0.202 "setosa"
45 5.505 3.501 1.293 0.194 "setosa"
45 4.878 3.584 1.385 0.098 "setosa"
45 4.392 3.005 1.29 0.194 "setosa"
45 5.088 3.407 1.499 0.204 "setosa"
45 4.987 3.488 1.308 0.32 "setosa"
45 4.494 2.297 1.297 0.304 "setosa"
45 4.404 3.203 1.291 0.194 "setosa"
45 4.987 3.513 1.594 0.603 "setosa"
45 5.1 3.803 1.883 0.417 "setosa"
45 4.827 3.009 1.39 0.312 "setosa"
45 5.107 3.802 1.578 0.193 "setosa"
45 4.593 3.213 1.393 0.199 "setosa"
45 5.324 3.693 1.503 0.185 "setosa"
45 5.008 3.297 1.414 0.205 "setosa"
45 6.997 3.22 4.697 1.388 "versicolor"
45 6.409 3.191 4.497 1.511 "versicolor"
45 6.893 3.095 4.898 1.492 "versicolor"
45 5.513 2.295 3.997 1.295 "versicolor"
45 6.517 2.792 4.61 1.505 "versicolor"
45 5.701 2.824 4.518 1.307 "versicolor"
45 6.295 3.292 4.704 1.596 "versicolor"
45 4.881 2.416 3.307 1.012 "versicolor"
45 6.586 2.912 4.592 1.308 "versicolor"
45 5.213 2.698 3.888 1.398 "versicolor"
45 4.998 1.988 3.497 0.997 "versicolor"
45 5.878 2.992 4.214 1.497 "versicolor"
45 6.006 2.205 3.988 1.007 "versicolor"
45 6.109 2.893 4.694 1.387 "versicolor"
45 5.59 2.887 3.597 1.306 "versicolor"
45 6.69 3.1 4.427 1.404 "versicolor"
45 5.599 2.99 4.516 1.501 "versicolor"
45 5.802 2.696 4.102 0.992 "versicolor"
45 6.202 2.217 4.511 1.485 "versicolor"
45 5.59 2.496 3.905 1.076 "versicolor"
45 5.885 3.202 4.804 1.799 "versicolor"
45 6.101 2.812 3.991 1.319 "versicolor"
45 6.295 2.504 4.887 1.495 "versicolor"
45 6.121 2.788 4.715 1.199 "versicolor"
45 6.405 2.898 4.303 1.316 "versicolor"
45 6.604 3.013 4.388 1.401 "versicolor"
45 6.803 2.794 4.796 1.395 "versicolor"
45 6.704 2.984 5.004 1.712 "versicolor"
45 5.988 2.91 4.507 1.502 "versicolor"
45 5.683 2.598 3.487 0.985 "versicolor"
45 5.501 2.396 3.794 1.119 "versicolor"
45 5.484 2.407 3.708 0.975 "versicolor"
45 5.812 2.711 3.914 1.195 "versicolor"
45 5.998 2.709 5.102 1.602 "versicolor"
45 5.401 3.011 4.498 1.513 "versicolor"
45 5.984 3.399 4.501 1.595 "versicolor"
45 6.721 3.125 4.698 1.501 "versicolor"
45 6.292 2.296 4.409 1.3 "versicolor"
45 5.61 2.998 4.11 1.317 "versicolor"
45 5.517 2.478 4.015 1.28 "versicolor"
45 5.513 2.608 4.4 1.23 "versicolor"
45 6.111 3.01 4.61 1.393 "versicolor"
45 5.8 2.595 3.98 1.202 "versicolor"
45 4.982 2.303 3.297 1.005 "versicolor"
45 5.609 2.696 4.208 1.292 "versicolor"
45 5.691 3.011 4.212 1.196 "versicolor"
45 5.724 2.889 4.192 1.282 "versicolor"
45 6.198 2.901 4.285 1.306 "versicolor"
45 5.087 2.49 2.998 1.107 "versicolor"
45 5.699 2.805 4.086 1.299 "versicolor"
45 6.291 3.286 5.992 2.493 "virginica"
45 5.795 2.688 5.103 1.892 "virginica"
45 7.104 2.991 5.887 2.103 "virginica"
45 6.29 2.903 5.597 1.805 "virginica"
45 6.495 2.989 5.799 2.191 "virginica"
45 7.595 2.986 6.6 2.089 "virginica"
45 4.908 2.487 4.489 1.698 "virginica"
45 7.281 2.914 6.293 1.818 "virginica"
45 6.689 2.498 5.791 1.798 "virginica"
45 7.212 3.585 6.103 2.493 "virginica"
45 6.493 3.205 5.093 1.994 "virginica"
45 6.408 2.702 5.314 1.894 "virginica"
45 6.807 3.004 5.515 2.105 "virginica"
45 5.709 2.504 5.005 2.003 "virginica"
45 5.812 2.798 5.111 2.411 "virginica"
45 6.397 3.209 5.288 2.296 "virginica"
45 6.49 3.004 5.485 1.806 "virginica"
45 7.686 3.816 6.713 2.195 "virginica"
45 7.704 2.578 6.921 2.303 "virginica"
45 6.006 2.198 5 1.501 "virginica"
45 6.901 3.191 5.71 2.317 "virginica"
45 5.576 2.806 4.887 1.987 "virginica"
45 7.694 2.793 6.698 2.003 "virginica"
45 6.307 2.712 4.904 1.79 "virginica"
45 6.699 3.312 5.701 2.105 "virginica"
45 7.186 3.189 6.021 1.823 "virginica"
45 6.203 2.793 4.784 1.804 "virginica"
45 6.098 2.99 4.906 1.791 "virginica"
45 6.39 2.805 5.601 2.102 "virginica"
45 7.195 2.994 5.794 1.589 "virginica"
45 7.401 2.81 6.106 1.902 "virginica"
45 7.898 3.798 6.402 1.983 "virginica"
45 6.393 2.803 5.59 2.229 "virginica"
45 6.298 2.776 5.101 1.519 "virginica"
45 6.1 2.61 5.588 1.408 "virginica"
45 7.695 2.988 6.11 2.3 "virginica"
45 6.288 3.403 5.604 2.41 "virginica"
45 6.407 3.119 5.493 1.79 "virginica"
45 6.012 3.002 4.804 1.806 "virginica"
45 6.887 3.097 5.394 2.111 "virginica"
45 6.701 3.093 5.591 2.398 "virginica"
45 6.896 3.085 5.095 2.3 "virginica"
45 5.804 2.699 5.087 1.887 "virginica"
45 6.811 3.202 5.914 2.305 "virginica"
45 6.694 3.295 5.705 2.482 "virginica"
45 6.71 2.993 5.207 2.298 "virginica"
45 6.306 2.49 5.003 1.909 "virginica"
45 6.501 2.985 5.209 2 "virginica"
45 6.198 3.41 5.414 2.307 "virginica"
45 5.906 3.016 5.088 1.796 "virginica"
