32 5.102 3.498 1.404 0.215 "setosa"
32 4.904 3.012 1.395 0.2 "setosa"
32 4.686 3.197 1.309 0.204 "setosa"
32 4.597 3.078 1.508 0.196 "setosa"
32 4.987 3.607 1.404 0.215 "setosa"
32 5.402 3.878 1.684 0.396 "setosa"
32 4.601 3.405 1.431 0.299 "setosa"
32 4.992 3.39 1.509 0.21 "setosa"
32 4.399 2.911 1.403 0.176 "setosa"
32 4.896 3.098 1.502 0.089 "setosa"
32 5.407 3.702 1.496 0.212 "setosa"
32 4.802 3.417 1.599 0.208 "setosa"
32 4.795 2.987 1.392 0.124 "setosa"
32 4.301 2.997 1.099 0.104 "setosa"
32 5.789 4.008 1.19 0.203 "setosa"
32 5.701 4.388 1.506 0.407 "setosa"
32 5.407 3.896 1.302 0.405 "setosa"
32 5.091 3.514 1.409 0.303 "setosa"
32 5.706 3.788 1.691 0.302 "setosa"
32 5.1 3.813 1.503 0.296 "setosa"
32 5.402 3.393 1.676 0.208 "setosa"
32 5.1 3.694 1.496 0.399 "setosa"
32 4.604 3.592 1 0.203 "setosa"
32 5.09 3.292 1.699 0.525 "setosa"
32 4.802 3.405 1.899 0.2 "setosa"
32 4.997 2.993 1.591 0.196 "setosa"
32 5.011 3.405 1.618 0.398 "setosa"
32 5.211 3.503 1.516 0.225 "setosa"
32 5.187 3.417 1.399 0.18 "setosa"
32 4.706 3.185 1.606 0.21 "setosa"
32 4.79 3.105 1.608 0.202 "setosa"
32 5.388 3.406 1.532 0.392 "setosa"
32 5.205 4.095 1.504 0.085 "setosa"
32 5.498 4.194 1.401 0.192 "setosa"
32 4.899 3.098 1.493 0.212 "setosa"
32 4.992 3.204 1.22 0.197 "setosa"
32 5.519 3.51 1.279 0.202 "setosa"
32 4.917 3.588 1.4 0.096 "setosa"
32 4.396 3.014 1.298 0.213 "setosa"
32 5.106 3.388 1.513 0.205 "setosa"
32 4.983 3.493 1.309 0.298 "setosa"
32 4.489 2.305 1.278 0.311 "setosa"
32 4.396 3.192 1.275 0.188 "setosa"
32 5.001 3.515 1.581 0.599 "setosa"
32 5.099 3.802 1.892 0.399 "setosa"
32 4.794 3.004 1.389 0.307 "setosa"
32 5.09 3.805 1.601 0.212 "setosa"
32 4.578 3.184 1.412 0.193 "setosa"
32 5.305 3.709 1.509 0.197 "setosa"
32 4.994 3.29 1.396 0.197 "setosa"
32 6.999 3.197 4.71 1.39 "versicolor"
32 6.401 3.207 4.511 1.504 "versicolor"
32 6.889 3.109 4.891 1.496 "versicolor"
32 5.498 2.28 4.004 1.301 "versicolor"
32 6.487 2.804 4.596 1.503 "versicolor"
32 5.696 2.778 4.502 1.303 "versicolor"
32 6.296 3.29 4.691 1.592 "versicolor"
32 4.903 2.405 3.276 1.002 "versicolor"
32 6.608 2.901 4.598 1.313 "versicolor"
32 5.203 2.689 3.917 1.407 "versicolor"
32 4.996 2.004 3.489 1.005 "versicolor"
32 5.911 3.006 4.194 1.522 "versicolor"
32 5.995 2.195 4.004 1.014 "versicolor"
32 6.107 2.917 4.707 1.382 "versicolor"
32 5.601 2.904 3.595 1.312 "versicolor"
32 6.721 3.095 4.405 1.412 "versicolor"
32 5.606 3.028 4.498 1.488 "versicolor"
32 5.804 2.695 4.115 0.999 "versicolor"
32 6.21 2.211 4.498 1.51 "versicolor"
32 5.596 2.498 3.907 1.078 "versicolor"
32 5.903 3.195 4.785 1.808 "versicolor"
32 6.105 2.809 4.013 1.314 "versicolor"
32 6.289 2.498 4.893 1.506 "versicolor"
32 6.118 2.798 4.702 1.194 "versicolor"
32 6.399 2.916 4.291 1.309 "versicolor"
32 6.587 3.011 4.389 1.399 "versicolor"
32 6.804 2.792 4.784 1.411 "versicolor"
32 6.693 2.998 4.993 1.707 "versicolor"
32 6.009 2.895 4.509 1.482 "versicolor"
32 5.712 2.611 3.513 0.997 "versicolor"
32 5.506 2.386 3.792 1.082 "versicolor"
32 5.514 2.407 3.687 1.001 "versicolor"
32 5.803 2.704 3.919 1.194 "versicolor"
32 5.979 2.687 5.083 1.586 "versicolor"
32 5.412 2.996 4.51 1.494 "versicolor"
32 5.991 3.394 4.505 1.607 "versicolor"
32 6.694 3.109 4.708 1.511 "versicolor"
32 6.301 2.303 4.398 1.308 "versicolor"
32 5.585 2.999 4.084 1.299 "versicolor"
32 5.503 2.507 4.002 1.31 "versicolor"
32 5.49 2.593 4.403 1.218 "versicolor"
32 6.097 2.982 4.613 1.406 "versicolor"
32 5.787 2.596 3.999 1.203 "versicolor"
32 4.981 2.297 3.298 0.984 "versicolor"
32 5.605 2.702 4.18 1.29 "versicolor"
32 5.716 3.007 4.195 1.203 "versicolor"
32 5.714 2.894 4.204 1.298 "versicolor"
32 6.187 2.891 4.289 1.283 "versicolor"
32 5.12 2.502 3.018 1.096 "versicolor"
32 5.702 2.795 4.098 1.302 "versicolor"
32 6.291 3.304 5.999 2.503 "virginica"
32 5.805 2.707 5.091 1.889 "virginica"
32 7.108 3.016 5.908 2.09 "virginica"
32 6.298 2.893 5.623 1.792 "virginica"
32 6.493 3.018 5.782 2.184 "virginica"
32 7.604 2.994 6.608 2.114 "virginica"
32 4.896 2.48 4.519 1.694 "virginica"
32 7.309 2.91 6.299 1.8 "virginica"
32 6.707 2.482 5.804 1.801 "virginica"
32 7.197 3.602 6.102 2.495 "virginica"
32 6.501 3.213 5.104 2 "virginica"
32 6.38 2.692 5.283 1.922 "virginica"
32 6.809 3.001 5.479 2.108 "virginica"
32 5.69 2.5 4.988 1.994 "virginica"
32 5.804 2.801 5.087 2.408 "virginica"
32 6.402 3.202 5.312 2.298 "virginica"
32 6.499 2.998 5.484 1.805 "virginica"
32 7.685 3.791 6.688 2.208 "virginica"
32 7.693 2.583 6.909 2.299 "virginica"
32 5.993 2.2 4.975 1.508 "virginica"
32 6.904 3.211 5.693 2.289 "virginica"
32 5.597 2.794 4.909 2 "virginica"
32 7.704 2.791 6.706 2.005 "virginica"
32 6.307 2.681 4.88 1.787 "virginica"
32 6.699 3.307 5.696 2.108 "virginica"
32 7.203 3.204 6.019 1.792 "virginica"
32 6.209 2.782 4.819 1.804 "virginica"
32 6.107 2.999 4.901 1.812 "virginica"
32 6.412 2.79 5.607 2.088 "virginica"
32 7.193 3.004 5.791 1.599 "virginica"
32 7.397 2.812 6.091 1.898 "virginica"
32 7.911 3.827 6.398 2.003 "virginica"
32 6.4 2.808 5.602 2.192 "virginica"
32 6.306 2.803 5.088 1.497 "virginica"
32 6.102 2.595 5.594 1.385 "virginica"
32 7.689 3.009 6.087 2.297 "virginica"
32 6.299 3.391 5.602 2.386 "virginica"
32 6.407 3.097 5.507 1.796 "virginica"
32 5.987 2.998 4.798 1.797 "virginica"
32 6.912 3.103 5.393 2.113 "virginica"
32 6.704 3.087 5.61 2.395 "virginica"
32 6.901 3.108 5.116 2.287 "virginica"
32 5.807 2.692 5.106 1.903 "virginica"
32 6.796 3.206 5.909 2.291 "virginica"
32 6.693 3.296 5.696 2.492 "virginica"
32 6.699 3.005 5.188 2.291 "virginica"
32 6.304 2.502 4.995 1.904 "virginica"
32 6.499 2.997 5.216 2 "virginica"
32 6.194 3.39 5.4 2.298 "virginica"
32 5.903 3.003 5.091 1.811 "virginica"
