29 5.114 3.484 1.385 0.195 "setosa"
29 4.903 3.009 1.396 0.207 "setosa"
29 4.693 3.204 1.31 0.206 "setosa"
29 4.601 3.095 1.487 0.208 "setosa"
29 5.005 3.584 1.405 0.206 "setosa"
29 5.413 3.891 1.687 0.406 "setosa"
29 4.583 3.408 1.391 0.298 "setosa"
29 4.979 3.389 1.525 0.194 "setosa"
29 4.396 2.883 1.395 0.189 "setosa"
29 4.889 3.079 1.493 0.103 "setosa"
29 5.394 3.686 1.512 0.221 "setosa"
29 4.783 3.398 1.605 0.182 "setosa"
29 4.818 2.995 1.389 0.097 "setosa"
29 4.291 2.999 1.107 0.112 "setosa"
29 5.814 3.987 1.205 0.197 "setosa"
29 5.702 4.407 1.515 0.4 "setosa"
29 5.412 3.901 1.29 0.387 "setosa"
29 5.083 3.497 1.404 0.297 "setosa"
29 5.696 3.821 1.704 0.297 "setosa"
29 5.108 3.82 1.488 0.288 "setosa"
29 5.4 3.398 1.686 0.201 "setosa"
29 5.108 3.7 1.483 0.413 "setosa"
29 4.611 3.62 1.011 0.195 "setosa"
29 5.106 3.285 1.689 0.496 "setosa"
29 4.794 3.401 1.891 0.184 "setosa"
29 4.992 3.005 1.596 0.196 "setosa"
29 5.002 3.387 1.606 0.403 "setosa"
29 5.213 3.495 1.495 0.18 "setosa"
29 5.211 3.396 1.4 0.206 "setosa"
29 4.702 3.178 1.592 0.208 "setosa"
29 4.798 3.103 1.6 0.183 "setosa"
29 5.401 3.395 1.498 0.408 "setosa"
29 5.209 4.076 1.501 0.092 "setosa"
29 5.516 4.19 1.405 0.205 "setosa"
29 4.907 3.091 1.487 0.206 "setosa"
29 5.008 3.214 1.195 0.209 "setosa"
29 5.487 3.509 1.312 0.188 "setosa"
29 4.887 3.582 1.401 0.092 "setosa"
29 4.4 3.011 1.303 0.201 "setosa"
29 5.093 3.397 1.497 0.199 "setosa"
29 4.996 3.493 1.277 0.287 "setosa"
29 4.502 2.289 1.304 0.308 "setosa"
29 4.408 3.19 1.307 0.184 "setosa"
29 5.002 3.484 1.604 0.586 "setosa"
29 5.104 3.818 1.896 0.403 "setosa"
29 4.795 3.007 1.386 0.292 "setosa"
29 5.108 3.797 1.586 0.212 "setosa"
29 4.607 3.201 1.404 0.191 "setosa"
29 5.291 3.693 1.487 0.194 "setosa"
29 5.005 3.293 1.401 0.199 "setosa"
29 6.984 3.195 4.706 1.396 "versicolor"
29 6.406 3.195 4.491 1.49 "versicolor"
29 6.887 3.096 4.904 1.501 "versicolor"
29 5.498 2.302 4.004 1.299 "versicolor"
29 6.501 2.803 4.586 1.5 "versicolor"
29 5.684 2.801 4.482 1.284 "versicolor"
29 6.295 3.332 4.705 1.615 "versicolor"
29 4.913 2.403 3.284 1.012 "versicolor"
29 6.6 2.885 4.597 1.305 "versicolor"
29 5.21 2.706 3.9 1.422 "versicolor"
29 5 2.004 3.491 0.993 "versicolor"
29 5.908 3.027 4.197 1.502 "versicolor"
29 6.001 2.184 4.008 1.004 "versicolor"
29 6.102 2.919 4.701 1.397 "versicolor"
29 5.611 2.89 3.592 1.319 "versicolor"
29 6.705 3.104 4.4 1.409 "versicolor"
29 5.601 2.992 4.507 1.502 "versicolor"
29 5.803 2.7 4.086 1.002 "versicolor"
29 6.199 2.206 4.499 1.5 "versicolor"
29 5.597 2.492 3.903 1.089 "versicolor"
29 5.898 3.209 4.808 1.784 "versicolor"
29 6.103 2.805 4.019 1.306 "versicolor"
29 6.304 2.514 4.891 1.491 "versicolor"
29 6.089 2.791 4.693 1.195 "versicolor"
29 6.403 2.902 4.291 1.284 "versicolor"
29 6.609 3.003 4.403 1.397 "versicolor"
29 6.807 2.792 4.784 1.39 "versicolor"
29 6.706 2.987 4.986 1.694 "versicolor"
29 5.998 2.899 4.497 1.49 "versicolor"
29 5.704 2.603 3.504 0.993 "versicolor"
29 5.509 2.42 3.81 1.102 "versicolor"
29 5.486 2.398 3.691 0.987 "versicolor"
29 5.797 2.692 3.894 1.198 "versicolor"
29 5.995 2.704 5.087 1.612 "versicolor"
29 5.395 2.996 4.499 1.491 "versicolor"
29 5.991 3.392 4.516 1.609 "versicolor"
29 6.695 3.085 4.696 1.504 "versicolor"
29 6.299 2.31 4.411 1.29 "versicolor"
29 5.599 2.981 4.098 1.306 "versicolor"
29 5.503 2.484 4.004 1.289 "versicolor"
29 5.506 2.594 4.397 1.199 "versicolor"
29 6.09 3.014 4.592 1.393 "versicolor"
29 5.799 2.618 4.002 1.2 "versicolor"
29 5.018 2.297 3.302 1 "versicolor"
29 5.614 2.696 4.202 1.304 "versicolor"
29 5.695 2.997 4.19 1.185 "versicolor"
29 5.701 2.895 4.19 1.296 "versicolor"
29 6.191 2.908 4.274 1.297 "versicolor"
29 5.11 2.502 3.007 1.095 "versicolor"
29 5.722 2.805 4.106 1.297 "versicolor"
29 6.296 3.304 6.008 2.504 "virginica"
29 5.796 2.707 5.105 1.905 "virginica"
29 7.098 2.996 5.882 2.099 "virginica"
29 6.311 2.906 5.601 1.795 "virginica"
29 6.501 3.008 5.815 2.2 "virginica"
29 7.607 2.994 6.601 2.099 "virginica"
29 4.901 2.505 4.492 1.705 "virginica"
29 7.313 2.911 6.29 1.797 "virginica"
29 6.682 2.495 5.812 1.812 "virginica"
29 7.195 3.596 6.09 2.497 "virginica"
29 6.499 3.197 5.105 1.998 "virginica"
29 6.409 2.709 5.309 1.878 "virginica"
29 6.791 3.007 5.485 2.103 "virginica"
29 5.709 2.501 5.012 2.006 "virginica"
29 5.807 2.794 5.107 2.401 "virginica"
29 6.406 3.204 5.302 2.309 "virginica"
29 6.5 3 5.507 1.787 "virginica"
29 7.716 3.775 6.695 2.212 "virginica"
29 7.702 2.603 6.887 2.319 "virginica"
29 5.981 2.199 5.004 1.518 "virginica"
29 6.897 3.195 5.695 2.309 "virginica"
29 5.597 2.789 4.892 1.997 "virginica"
29 7.702 2.809 6.694 1.996 "virginica"
29 6.283 2.704 4.897 1.801 "virginica"
29 6.701 3.295 5.7 2.111 "virginica"
29 7.194 3.208 6.015 1.797 "virginica"
29 6.201 2.797 4.796 1.793 "virginica"
29 6.105 3.004 4.907 1.801 "virginica"
29 6.39 2.808 5.587 2.088 "virginica"
29 7.218 3.005 5.786 1.615 "virginica"
29 7.402 2.8 6.088 1.894 "virginica"
29 7.9 3.791 6.399 2.024 "virginica"
29 6.395 2.794 5.582 2.197 "virginica"
29 6.289 2.787 5.09 1.498 "virginica"
29 6.112 2.594 5.589 1.393 "virginica"
29 7.702 2.992 6.097 2.293 "virginica"
29 6.289 3.394 5.617 2.414 "virginica"
29 6.383 3.097 5.504 1.817 "virginica"
29 5.996 2.994 4.803 1.805 "virginica"
29 6.89 3.102 5.402 2.094 "virginica"
29 6.729 3.103 5.597 2.404 "virginica"
29 6.887 3.089 5.086 2.294 "virginica"
29 5.773 2.698 5.103 1.919 "virginica"
29 6.806 3.189 5.904 2.312 "virginica"
29 6.722 3.308 5.705 2.514 "virginica"
29 6.71 3.005 5.195 2.294 "virginica"
29 6.286 2.513 4.995 1.887 "virginica"
29 6.502 2.984 5.201 2.013 "virginica"
29 6.198 3.393 5.401 2.289 "virginica"
29 5.889 3.002 5.112 1.796 "virginica"
