53 5.085 3.501 1.411 0.207 "setosa"
53 4.884 3.004 1.382 0.179 "setosa"
53 4.693 3.183 1.294 0.214 "setosa"
53 4.598 3.1 1.524 0.188 "setosa"
53 5.002 3.588 1.382 0.209 "setosa"
53 5.395 3.89 1.699 0.39 "setosa"
53 4.614 3.401 1.396 0.311 "setosa"
53 4.996 3.394 1.488 0.196 "setosa"
53 4.397 2.892 1.412 0.198 "setosa"
53 4.888 3.117 1.484 0.1 "setosa"
53 5.391 3.701 1.509 0.203 "setosa"
53 4.784 3.408 1.597 0.196 "setosa"
53 4.787 2.998 1.415 0.077 "setosa"
53 4.292 2.99 1.103 0.115 "setosa"
53 5.792 4.013 1.199 0.199 "setosa"
53 5.706 4.399 1.49 0.412 "setosa"
53 5.421 3.908 1.289 0.403 "setosa"
53 5.101 3.51 1.393 0.302 "setosa"
53 5.695 3.807 1.698 0.29 "setosa"
53 5.117 3.798 1.509 0.305 "setosa"
53 5.402 3.389 1.692 0.216 "setosa"
53 5.105 3.714 1.495 0.403 "setosa"
53 4.593 3.601 0.985 0.202 "setosa"
53 5.099 3.323 1.695 0.515 "setosa"
53 4.801 3.403 1.898 0.205 "setosa"
53 5.002 3.013 1.606 0.19 "setosa"
53 5.018 3.385 1.61 0.409 "setosa"
53 5.204 3.492 1.501 0.204 "setosa"
53 5.188 3.421 1.394 0.186 "setosa"
53 4.7 3.197 1.582 0.185 "setosa"
53 4.803 3.107 1.628 0.189 "setosa"
53 5.401 3.403 1.512 0.396 "setosa"
53 5.209 4.094 1.506 0.096 "setosa"
53 5.494 4.206 1.399 0.197 "setosa"
53 4.883 3.085 1.507 0.187 "setosa"
53 4.997 3.195 1.209 0.198 "setosa"
53 5.496 3.513 1.29 0.219 "setosa"
53 4.901 3.614 1.424 0.108 "setosa"
53 4.416 2.985 1.306 0.201 "setosa"
53 5.112 3.401 1.515 0.193 "setosa"
53 4.991 3.487 1.306 0.288 "setosa"
53 4.498 2.295 1.306 0.306 "setosa"
53 4.403 3.2 1.291 0.199 "setosa"
53 4.993 3.513 1.61 0.599 "setosa"
53 5.096 3.814 1.893 0.398 "setosa"
53 4.79 3.005 1.397 0.271 "setosa"
53 5.105 3.775 1.628 0.188 "setosa"
53 4.604 3.183 1.402 0.213 "setosa"
53 5.3 3.683 1.498 0.195 "setosa"
53 5.001 3.307 1.4 0.186 "setosa"
53 6.996 3.195 4.681 1.402 "versicolor"
53 6.393 3.218 4.497 1.513 "versicolor"
53 6.891 3.098 4.907 1.505 "versicolor"
53 5.498 2.308 4.012 1.303 "versicolor"
53 6.504 2.796 4.614 1.497 "versicolor"
53 5.701 2.806 4.5 1.295 "versicolor"
53 6.303 3.306 4.704 1.601 "versicolor"
53 4.913 2.392 3.303 1.01 "versicolor"
53 6.598 2.91 4.606 1.313 "versicolor"
53 5.216 2.679 3.914 1.409 "versicolor"
53 5.007 2.015 3.514 1.016 "versicolor"
53 5.898 2.982 4.191 1.505 "versicolor"
53 6.017 2.208 3.989 1.005 "versicolor"
53 6.103 2.898 4.692 1.423 "versicolor"
53 5.597 2.896 3.606 1.289 "versicolor"
53 6.698 3.093 4.408 1.413 "versicolor"
53 5.594 3.006 4.494 1.485 "versicolor"
53 5.783 2.69 4.108 1.013 "versicolor"
53 6.202 2.192 4.506 1.497 "versicolor"
53 5.591 2.51 3.883 1.093 "versicolor"
53 5.884 3.212 4.794 1.806 "versicolor"
53 6.096 2.806 3.993 1.31 "versicolor"
53 6.3 2.48 4.892 1.49 "versicolor"
53 6.113 2.809 4.696 1.182 "versicolor"
53 6.409 2.901 4.301 1.302 "versicolor"
53 6.588 3.012 4.4 1.383 "versicolor"
53 6.803 2.796 4.805 1.41 "versicolor"
53 6.691 3.006 5.006 1.715 "versicolor"
53 6.001 2.911 4.491 1.516 "versicolor"
53 5.692 2.609 3.504 1.02 "versicolor"
53 5.511 2.391 3.801 1.11 "versicolor"
53 5.5 2.395 3.703 0.998 "versicolor"
53 5.804 2.704 3.895 1.189 "versicolor"
53 5.991 2.684 5.104 1.598 "versicolor"
53 5.397 3 4.489 1.49 "versicolor"
53 6.005 3.402 4.505 1.583 "versicolor"
53 6.708 3.091 4.699 1.496 "versicolor"
53 6.316 2.298 4.407 1.3 "versicolor"
53 5.59 2.973 4.098 1.298 "versicolor"
53 5.483 2.506 4.007 1.308 "versicolor"
53 5.505 2.594 4.398 1.19 "versicolor"
53 6.097 2.998 4.611 1.422 "versicolor"
53 5.787 2.602 4.004 1.207 "versicolor"
53 4.988 2.291 3.296 0.99 "versicolor"
53 5.585 2.687 4.197 1.308 "versicolor"
53 5.702 2.998 4.193 1.205 "versicolor"
53 5.692 2.891 4.207 1.301 "versicolor"
53 6.207 2.886 4.302 1.292 "versicolor"
53 5.108 2.499 2.993 1.099 "versicolor"
53 5.698 2.794 4.118 1.302 "versicolor"
53 6.308 3.298 5.999 2.5 "virginica"
53 5.801 2.685 5.097 1.901 "virginica"
53 7.088 2.986 5.9 2.089 "virginica"
53 6.289 2.91 5.614 1.793 "virginica"
53 6.505 3.005 5.806 2.203 "virginica"
53 7.595 3.013 6.605 2.079 "virginica"
53 4.908 2.493 4.497 1.708 "virginica"
53 7.301 2.903 6.306 1.797 "virginica"
53 6.696 2.502 5.778 1.795 "virginica"
53 7.19 3.58 6.105 2.499 "virginica"
53 6.51 3.172 5.089 2.017 "virginica"
53 6.404 2.706 5.296 1.889 "virginica"
53 6.79 3.002 5.51 2.105 "virginica"
53 5.713 2.491 5.004 2.004 "virginica"
53 5.789 2.802 5.107 2.387 "virginica"
53 6.396 3.216 5.291 2.296 "virginica"
53 6.495 3.005 5.511 1.804 "virginica"
53 7.697 3.804 6.695 2.192 "virginica"
53 7.699 2.62 6.891 2.317 "virginica"
53 6.014 2.187 5.013 1.494 "virginica"
53 6.9 3.191 5.701 2.296 "virginica"
53 5.591 2.815 4.906 1.998 "virginica"
53 7.699 2.78 6.71 2.006 "virginica"
53 6.307 2.695 4.892 1.794 "virginica"
53 6.683 3.299 5.697 2.108 "virginica"
53 7.194 3.197 6.009 1.797 "virginica"
53 6.179 2.79 4.815 1.784 "virginica"
53 6.082 3.001 4.909 1.801 "virginica"
53 6.411 2.803 5.575 2.106 "virginica"
53 7.199 2.977 5.793 1.601 "virginica"
53 7.406 2.798 6.095 1.893 "virginica"
53 7.898 3.811 6.407 1.998 "virginica"
53 6.414 2.801 5.598 2.202 "virginica"
53 6.312 2.783 5.095 1.51 "virginica"
53 6.097 2.585 5.614 1.404 "virginica"
53 7.706 2.996 6.105 2.314 "virginica"
53 6.287 3.398 5.599 2.391 "virginica"
53 6.406 3.095 5.495 1.816 "virginica"
53 5.998 2.987 4.798 1.789 "virginica"
53 6.886 3.085 5.397 2.1 "virginica"
53 6.689 3.111 5.578 2.401 "virginica"
53 6.903 3.116 5.096 2.293 "virginica"
53 5.804 2.706 5.103 1.91 "virginica"
53 6.791 3.2 5.909 2.298 "virginica"
53 6.723 3.305 5.696 2.513 "virginica"
53 6.687 3.007 5.199 2.291 "virginica"
53 6.319 2.51 5.005 1.906 "virginica"
53 6.496 2.991 5.199 2 "virginica"
53 6.218 3.406 5.41 2.298 "virginica"
53 5.894 2.99 5.109 1.795 "virginica"
