46 5.109 3.514 1.395 0.205 "setosa"
46 4.897 3.002 1.405 0.192 "setosa"
46 4.707 3.216 1.302 0.197 "setosa"
46 4.595 3.101 1.501 0.209 "setosa"
46 5.002 3.601 1.412 0.192 "setosa"
46 5.409 3.902 1.695 0.409 "setosa"
46 4.591 3.411 1.383 0.318 "setosa"
46 4.992 3.404 1.494 0.195 "setosa"
46 4.401 2.894 1.407 0.184 "setosa"
46 4.904 3.111 1.524 0.085 "setosa"
46 5.417 3.7 1.501 0.211 "setosa"
46 4.794 3.407 1.599 0.193 "setosa"
46 4.79 3.01 1.41 0.083 "setosa"
46 4.312 3.007 1.094 0.117 "setosa"
46 5.816 3.998 1.189 0.203 "setosa"
46 5.707 4.394 1.517 0.402 "setosa"
46 5.402 3.893 1.291 0.374 "setosa"
46 5.12 3.477 1.386 0.285 "setosa"
46 5.686 3.81 1.697 0.291 "setosa"
46 5.099 3.802 1.489 0.282 "setosa"
46 5.397 3.413 1.705 0.204 "setosa"
46 5.081 3.705 1.497 0.418 "setosa"
46 4.602 3.599 1.008 0.187 "setosa"
46 5.09 3.287 1.686 0.493 "setosa"
46 4.788 3.392 1.911 0.198 "setosa"
46 5.007 3.014 1.59 0.198 "setosa"
46 5.015 3.41 1.605 0.413 "setosa"
46 5.218 3.502 1.494 0.21 "setosa"
46 5.197 3.401 1.402 0.196 "setosa"
46 4.721 3.182 1.6 0.203 "setosa"
46 4.802 3.101 1.585 0.204 "setosa"
46 5.379 3.393 1.503 0.39 "setosa"
46 5.187 4.098 1.506 0.088 "setosa"
46 5.51 4.217 1.4 0.19 "setosa"
46 4.925 3.115 1.514 0.188 "setosa"
46 4.99 3.214 1.191 0.205 "setosa"
46 5.485 3.497 1.294 0.193 "setosa"
46 4.894 3.61 1.402 0.112 "setosa"
46 4.378 2.991 1.314 0.215 "setosa"
46 5.1 3.391 1.494 0.204 "setosa"
46 5.009 3.484 1.305 0.3 "setosa"
46 4.502 2.285 1.297 0.32 "setosa"
46 4.4 3.189 1.276 0.204 "setosa"
46 5.004 3.5 1.6 0.615 "setosa"
46 5.105 3.813 1.885 0.412 "setosa"
46 4.796 3.002 1.415 0.301 "setosa"
46 5.088 3.811 1.593 0.202 "setosa"
46 4.602 3.197 1.39 0.208 "setosa"
46 5.299 3.694 1.494 0.206 "setosa"
46 5.001 3.305 1.401 0.21 "setosa"
46 6.999 3.185 4.708 1.412 "versicolor"
46 6.404 3.2 4.502 1.485 "versicolor"
46 6.896 3.115 4.903 1.492 "versicolor"
46 5.506 2.306 3.991 1.319 "versicolor"
46 6.492 2.818 4.588 1.507 "versicolor"
46 5.716 2.814 4.509 1.296 "versicolor"
46 6.295 3.297 4.702 1.59 "versicolor"
46 4.895 2.384 3.316 0.99 "versicolor"
46 6.593 2.919 4.591 1.304 "versicolor"
46 5.21 2.706 3.9 1.386 "versicolor"
46 5.003 1.995 3.499 0.995 "versicolor"
46 5.908 2.994 4.205 1.479 "versicolor"
46 6.006 2.2 4.017 0.992 "versicolor"
46 6.098 2.902 4.709 1.409 "versicolor"
46 5.603 2.9 3.59 1.294 "versicolor"
46 6.706 3.101 4.385 1.401 "versicolor"
46 5.602 2.995 4.501 1.478 "versicolor"
46 5.793 2.704 4.089 0.996 "versicolor"
46 6.208 2.181 4.5 1.482 "versicolor"
46 5.603 2.507 3.889 1.099 "versicolor"
46 5.902 3.195 4.812 1.806 "versicolor"
46 6.078 2.802 3.991 1.315 "versicolor"
46 6.312 2.488 4.899 1.504 "versicolor"
46 6.111 2.797 4.683 1.204 "versicolor"
46 6.397 2.904 4.293 1.304 "versicolor"
46 6.593 2.986 4.403 1.382 "versicolor"
46 6.787 2.804 4.81 1.402 "versicolor"
46 6.687 3.007 5.009 1.697 "versicolor"
46 5.996 2.91 4.509 1.523 "versicolor"
46 5.696 2.617 3.484 1.005 "versicolor"
46 5.499 2.384 3.813 1.12 "versicolor"
46 5.503 2.396 3.706 1.011 "versicolor"
46 5.807 2.696 3.877 1.202 "versicolor"
46 5.986 2.699 5.119 1.592 "versicolor"
46 5.394 3.014 4.523 1.498 "versicolor"
46 5.994 3.404 4.501 1.595 "versicolor"
46 6.705 3.092 4.703 1.507 "versicolor"
46 6.297 2.316 4.415 1.291 "versicolor"
46 5.601 2.98 4.107 1.319 "versicolor"
46 5.501 2.503 3.994 1.293 "versicolor"
46 5.482 2.597 4.402 1.207 "versicolor"
46 6.094 2.999 4.612 1.395 "versicolor"
46 5.801 2.608 3.997 1.199 "versicolor"
46 4.996 2.287 3.308 0.992 "versicolor"
46 5.595 2.692 4.212 1.303 "versicolor"
46 5.705 3.007 4.202 1.178 "versicolor"
46 5.714 2.905 4.198 1.304 "versicolor"
46 6.193 2.893 4.295 1.304 "versicolor"
46 5.079 2.5 2.996 1.097 "versicolor"
46 5.714 2.782 4.095 1.295 "versicolor"
46 6.306 3.296 5.984 2.501 "virginica"
46 5.796 2.7 5.099 1.898 "virginica"
46 7.1 3 5.899 2.086 "virginica"
46 6.309 2.885 5.591 1.817 "virginica"
46 6.503 2.991 5.815 2.196 "virginica"
46 7.606 3.012 6.594 2.094 "virginica"
46 4.902 2.49 4.49 1.689 "virginica"
46 7.295 2.919 6.295 1.805 "virginica"
46 6.712 2.514 5.802 1.786 "virginica"
46 7.2 3.584 6.094 2.487 "virginica"
46 6.498 3.203 5.108 2.007 "virginica"
46 6.404 2.712 5.318 1.906 "virginica"
46 6.798 3.009 5.488 2.109 "virginica"
46 5.713 2.498 4.991 2.007 "virginica"
46 5.816 2.798 5.086 2.4 "virginica"
46 6.401 3.208 5.3 2.311 "virginica"
46 6.481 3.008 5.496 1.8 "virginica"
46 7.696 3.781 6.717 2.207 "virginica"
46 7.71 2.609 6.88 2.299 "virginica"
46 5.992 2.21 5.007 1.495 "virginica"
46 6.892 3.174 5.692 2.288 "virginica"
46 5.595 2.786 4.915 1.996 "virginica"
46 7.695 2.808 6.707 2.02 "virginica"
46 6.308 2.698 4.905 1.792 "virginica"
46 6.701 3.289 5.714 2.104 "virginica"
46 7.19 3.195 6.005 1.8 "virginica"
46 6.197 2.801 4.812 1.807 "virginica"
46 6.09 2.999 4.89 1.819 "virginica"
46 6.401 2.787 5.607 2.114 "virginica"
46 7.204 2.994 5.817 1.6 "virginica"
46 7.39 2.781 6.109 1.891 "virginica"
46 7.908 3.785 6.418 1.982 "virginica"
46 6.389 2.802 5.598 2.2 "virginica"
46 6.284 2.824 5.095 1.509 "virginica"
46 6.097 2.598 5.619 1.401 "virginica"
46 7.7 2.994 6.099 2.297 "virginica"
46 6.307 3.404 5.578 2.417 "virginica"
46 6.411 3.111 5.499 1.798 "virginica"
46 5.993 3.006 4.803 1.795 "virginica"
46 6.908 3.091 5.413 2.088 "virginica"
46 6.701 3.118 5.584 2.427 "virginica"
46 6.912 3.1 5.117 2.29 "virginica"
46 5.797 2.689 5.095 1.9 "virginica"
46 6.786 3.194 5.9 2.303 "virginica"
46 6.689 3.295 5.706 2.495 "virginica"
46 6.681 2.99 5.199 2.306 "virginica"
46 6.296 2.51 4.986 1.891 "virginica"
46 6.496 3.005 5.195 2.013 "virginica"
46 6.202 3.372 5.381 2.297 "virginica"
46 5.894 3.014 5.106 1.792 "virginica"
