35 5.1 3.494 1.418 0.209 "setosa"
35 4.901 2.98 1.403 0.193 "setosa"
35 4.688 3.205 1.297 0.202 "setosa"
35 4.581 3.091 1.51 0.214 "setosa"
35 4.991 3.618 1.403 0.194 "setosa"
35 5.414 3.906 1.701 0.417 "setosa"
35 4.57 3.396 1.382 0.296 "setosa"
35 5.005 3.402 1.52 0.201 "setosa"
35 4.411 2.898 1.392 0.196 "setosa"
35 4.932 3.11 1.504 0.102 "setosa"
35 5.388 3.687 1.507 0.203 "setosa"
35 4.791 3.395 1.582 0.194 "setosa"
35 4.822 3.005 1.394 0.088 "setosa"
35 4.304 2.999 1.092 0.091 "setosa"
35 5.785 3.988 1.184 0.189 "setosa"
35 5.717 4.416 1.481 0.418 "setosa"
35 5.401 3.893 1.291 0.403 "setosa"
35 5.103 3.508 1.395 0.306 "setosa"
35 5.718 3.798 1.698 0.308 "setosa"
35 5.092 3.794 1.49 0.316 "setosa"
35 5.394 3.392 1.702 0.202 "setosa"
35 5.114 3.7 1.496 0.396 "setosa"
35 4.59 3.606 0.987 0.208 "setosa"
35 5.101 3.302 1.716 0.505 "setosa"
35 4.796 3.397 1.89 0.203 "setosa"
35 4.998 2.99 1.602 0.217 "setosa"
35 5.016 3.398 1.585 0.398 "setosa"
35 5.198 3.491 1.489 0.199 "setosa"
35 5.197 3.388 1.402 0.212 "setosa"
35 4.715 3.192 1.598 0.192 "setosa"
35 4.811 3.092 1.605 0.198 "setosa"
35 5.389 3.407 1.515 0.422 "setosa"
35 5.201 4.09 1.501 0.099 "setosa"
35 5.502 4.202 1.405 0.192 "setosa"
35 4.902 3.123 1.5 0.196 "setosa"
35 5.002 3.198 1.216 0.209 "setosa"
35 5.49 3.515 1.287 0.193 "setosa"
35 4.891 3.584 1.405 0.104 "setosa"
35 4.402 3.016 1.298 0.203 "setosa"
35 5.097 3.39 1.514 0.208 "setosa"
35 4.99 3.518 1.306 0.309 "setosa"
35 4.488 2.306 1.298 0.295 "setosa"
35 4.376 3.207 1.303 0.212 "setosa"
35 4.998 3.506 1.585 0.582 "setosa"
35 5.088 3.806 1.901 0.387 "setosa"
35 4.809 3.003 1.398 0.293 "setosa"
35 5.107 3.799 1.611 0.191 "setosa"
35 4.607 3.192 1.405 0.197 "setosa"
35 5.308 3.704 1.509 0.196 "setosa"
35 5.023 3.285 1.399 0.202 "setosa"
35 6.996 3.225 4.701 1.385 "versicolor"
35 6.395 3.221 4.491 1.486 "versicolor"
35 6.902 3.103 4.907 1.488 "versicolor"
35 5.514 2.301 3.991 1.292 "versicolor"
35 6.504 2.805 4.611 1.501 "versicolor"
35 5.693 2.81 4.492 1.306 "versicolor"
35 6.295 3.314 4.696 1.604 "versicolor"
35 4.892 2.404 3.289 1.008 "versicolor"
35 6.619 2.911 4.601 1.31 "versicolor"
35 5.196 2.695 3.894 1.414 "versicolor"
35 5.011 2.017 3.488 0.996 "versicolor"
35 5.903 2.983 4.199 1.505 "versicolor"
35 5.994 2.205 3.99 1.002 "versicolor"
35 6.095 2.902 4.706 1.406 "versicolor"
35 5.605 2.891 3.595 1.286 "versicolor"
35 6.683 3.106 4.389 1.39 "versicolor"
35 5.612 2.98 4.502 1.489 "versicolor"
35 5.796 2.7 4.111 0.992 "versicolor"
35 6.193 2.19 4.499 1.491 "versicolor"
35 5.622 2.507 3.892 1.103 "versicolor"
35 5.914 3.21 4.803 1.796 "versicolor"
35 6.103 2.809 3.992 1.301 "versicolor"
35 6.297 2.508 4.904 1.495 "versicolor"
35 6.093 2.796 4.713 1.186 "versicolor"
35 6.404 2.91 4.308 1.298 "versicolor"
35 6.606 3.012 4.404 1.394 "versicolor"
35 6.81 2.796 4.799 1.406 "versicolor"
35 6.699 3.011 5.011 1.682 "versicolor"
35 5.995 2.903 4.494 1.501 "versicolor"
35 5.692 2.604 3.507 1.011 "versicolor"
35 5.49 2.383 3.797 1.098 "versicolor"
35 5.493 2.406 3.702 0.999 "versicolor"
35 5.797 2.718 3.891 1.174 "versicolor"
35 5.986 2.69 5.093 1.589 "versicolor"
35 5.393 3.003 4.498 1.518 "versicolor"
35 6.011 3.395 4.507 1.607 "versicolor"
35 6.691 3.087 4.687 1.48 "versicolor"
35 6.309 2.307 4.399 1.3 "versicolor"
35 5.595 3.016 4.111 1.305 "versicolor"
35 5.497 2.501 3.997 1.297 "versicolor"
35 5.51 2.598 4.392 1.212 "versicolor"
35 6.083 2.992 4.607 1.408 "versicolor"
35 5.793 2.598 3.999 1.208 "versicolor"
35 4.991 2.298 3.305 1.01 "versicolor"
35 5.608 2.688 4.201 1.307 "versicolor"
35 5.705 3.016 4.185 1.194 "versicolor"
35 5.706 2.896 4.191 1.304 "versicolor"
35 6.205 2.897 4.309 1.3 "versicolor"
35 5.088 2.498 3.008 1.091 "versicolor"
35 5.689 2.785 4.106 1.303 "versicolor"
35 6.304 3.303 5.984 2.515 "virginica"
35 5.818 2.684 5.086 1.883 "virginica"
35 7.097 2.994 5.896 2.107 "virginica"
35 6.3 2.9 5.602 1.814 "virginica"
35 6.498 2.997 5.797 2.2 "virginica"
35 7.586 2.995 6.603 2.085 "virginica"
35 4.902 2.492 4.509 1.69 "virginica"
35 7.305 2.92 6.309 1.806 "virginica"
35 6.713 2.497 5.791 1.791 "virginica"
35 7.182 3.603 6.094 2.502 "virginica"
35 6.501 3.202 5.109 2.013 "virginica"
35 6.416 2.707 5.287 1.89 "virginica"
35 6.81 3.019 5.511 2.088 "virginica"
35 5.709 2.489 5.02 1.997 "virginica"
35 5.804 2.792 5.089 2.394 "virginica"
35 6.392 3.202 5.289 2.315 "virginica"
35 6.497 3.014 5.492 1.809 "virginica"
35 7.695 3.797 6.695 2.202 "virginica"
35 7.689 2.609 6.889 2.288 "virginica"
35 6.004 2.213 4.988 1.491 "virginica"
35 6.906 3.202 5.688 2.308 "virginica"
35 5.609 2.796 4.89 2.017 "virginica"
35 7.709 2.804 6.714 1.993 "virginica"
35 6.279 2.674 4.907 1.794 "virginica"
35 6.693 3.307 5.687 2.088 "virginica"
35 7.21 3.194 5.991 1.805 "virginica"
35 6.179 2.814 4.803 1.798 "virginica"
35 6.102 2.979 4.931 1.815 "virginica"
35 6.393 2.8 5.608 2.095 "virginica"
35 7.192 2.987 5.796 1.603 "virginica"
35 7.378 2.782 6.113 1.899 "virginica"
35 7.909 3.802 6.408 2 "virginica"
35 6.397 2.816 5.589 2.183 "virginica"
35 6.29 2.8 5.099 1.505 "virginica"
35 6.087 2.591 5.603 1.406 "virginica"
35 7.679 3.007 6.083 2.294 "virginica"
35 6.307 3.406 5.591 2.404 "virginica"
35 6.39 3.092 5.489 1.809 "virginica"
35 6.003 3.022 4.822 1.817 "virginica"
35 6.906 3.094 5.396 2.109 "virginica"
35 6.705 3.11 5.605 2.426 "virginica"
35 6.893 3.113 5.095 2.316 "virginica"
35 5.803 2.701 5.094 1.901 "virginica"
35 6.787 3.201 5.904 2.324 "virginica"
35 6.694 3.284 5.712 2.517 "virginica"
35 6.702 2.988 5.2 2.29 "virginica"
35 6.293 2.495 4.989 1.907 "virginica"
35 6.519 2.977 5.189 2.006 "virginica"
35 6.201 3.415 5.412 2.29 "virginica"
35 5.884 2.988 5.087 1.789 "virginica"
