58 5.076 3.508 1.408 0.211 "setosa"
58 4.901 2.994 1.381 0.214 "setosa"
58 4.689 3.207 1.298 0.204 "setosa"
58 4.615 3.095 1.499 0.191 "setosa"
58 4.994 3.585 1.399 0.192 "setosa"
58 5.41 3.897 1.713 0.387 "setosa"
58 4.591 3.392 1.399 0.311 "setosa"
58 4.976 3.405 1.5 0.183 "setosa"
58 4.401 2.907 1.401 0.19 "setosa"
58 4.879 3.11 1.481 0.102 "setosa"
58 5.367 3.708 1.497 0.203 "setosa"
58 4.805 3.4 1.603 0.197 "setosa"
58 4.819 3.008 1.414 0.099 "setosa"
58 4.292 3.028 1.098 0.096 "setosa"
58 5.776 3.967 1.197 0.205 "setosa"
58 5.7 4.396 1.502 0.382 "setosa"
58 5.413 3.893 1.283 0.402 "setosa"
58 5.097 3.499 1.391 0.294 "setosa"
58 5.719 3.792 1.699 0.304 "setosa"
58 5.098 3.804 1.497 0.298 "setosa"
58 5.4 3.404 1.719 0.202 "setosa"
58 5.107 3.694 1.492 0.416 "setosa"
58 4.586 3.593 1.009 0.208 "setosa"
58 5.108 3.298 1.702 0.495 "setosa"
58 4.806 3.411 1.918 0.192 "setosa"
58 5.018 3.001 1.595 0.207 "setosa"
58 5.012 3.392 1.607 0.413 "setosa"
58 5.2 3.512 1.502 0.204 "setosa"
58 5.206 3.385 1.414 0.189 "setosa"
58 4.699 3.217 1.593 0.177 "setosa"
58 4.786 3.093 1.607 0.193 "setosa"
58 5.415 3.399 1.492 0.391 "setosa"
58 5.2 4.097 1.505 0.105 "setosa"
58 5.497 4.21 1.382 0.188 "setosa"
58 4.903 3.095 1.509 0.211 "setosa"
58 5.014 3.212 1.203 0.208 "setosa"
58 5.524 3.525 1.303 0.209 "setosa"
58 4.9 3.599 1.399 0.085 "setosa"
58 4.389 3.004 1.311 0.2 "setosa"
58 5.11 3.388 1.493 0.211 "setosa"
58 4.995 3.495 1.284 0.308 "setosa"
58 4.518 2.286 1.288 0.309 "setosa"
58 4.404 3.199 1.299 0.201 "setosa"
58 5.002 3.493 1.601 0.612 "setosa"
58 5.106 3.809 1.9 0.424 "setosa"
58 4.782 2.992 1.401 0.315 "setosa"
58 5.104 3.786 1.585 0.21 "setosa"
58 4.601 3.196 1.389 0.204 "setosa"
58 5.282 3.705 1.506 0.203 "setosa"
58 4.986 3.3 1.409 0.19 "setosa"
58 7.007 3.189 4.696 1.417 "versicolor"
58 6.403 3.221 4.488 1.491 "versicolor"
58 6.89 3.099 4.895 1.485 "versicolor"
58 5.514 2.3 4.002 1.291 "versicolor"
58 6.499 2.793 4.588 1.514 "versicolor"
58 5.705 2.792 4.495 1.292 "versicolor"
58 6.297 3.29 4.701 1.594 "versicolor"
58 4.897 2.401 3.311 1.013 "versicolor"
58 6.606 2.903 4.587 1.301 "versicolor"
58 5.195 2.687 3.909 1.41 "versicolor"
58 5.012 1.992 3.491 1.006 "versicolor"
58 5.889 2.982 4.191 1.492 "versicolor"
58 6.004 2.196 4.014 0.996 "versicolor"
58 6.101 2.912 4.709 1.382 "versicolor"
58 5.611 2.923 3.599 1.317 "versicolor"
58 6.706 3.102 4.411 1.396 "versicolor"
58 5.577 3 4.498 1.507 "versicolor"
58 5.801 2.702 4.098 1.004 "versicolor"
58 6.208 2.203 4.497 1.501 "versicolor"
58 5.599 2.514 3.906 1.08 "versicolor"
58 5.903 3.202 4.796 1.808 "versicolor"
58 6.092 2.794 3.987 1.307 "versicolor"
58 6.304 2.474 4.883 1.484 "versicolor"
58 6.096 2.799 4.68 1.201 "versicolor"
58 6.397 2.911 4.305 1.304 "versicolor"
58 6.595 3.013 4.415 1.394 "versicolor"
58 6.797 2.798 4.788 1.385 "versicolor"
58 6.684 3.022 4.997 1.698 "versicolor"
58 5.998 2.893 4.486 1.499 "versicolor"
58 5.705 2.599 3.473 1.003 "versicolor"
58 5.506 2.39 3.798 1.094 "versicolor"
58 5.488 2.404 3.697 1.001 "versicolor"
58 5.785 2.717 3.913 1.213 "versicolor"
58 6.011 2.706 5.112 1.615 "versicolor"
58 5.397 3.012 4.502 1.498 "versicolor"
58 6.009 3.381 4.51 1.613 "versicolor"
58 6.689 3.086 4.702 1.503 "versicolor"
58 6.286 2.294 4.412 1.297 "versicolor"
58 5.585 3.009 4.098 1.284 "versicolor"
58 5.488 2.508 3.998 1.296 "versicolor"
58 5.497 2.592 4.397 1.202 "versicolor"
58 6.098 2.977 4.601 1.4 "versicolor"
58 5.804 2.597 4.023 1.183 "versicolor"
58 4.992 2.31 3.311 0.995 "versicolor"
58 5.603 2.692 4.192 1.289 "versicolor"
58 5.699 2.993 4.193 1.211 "versicolor"
58 5.692 2.907 4.195 1.307 "versicolor"
58 6.196 2.892 4.285 1.3 "versicolor"
58 5.1 2.506 2.989 1.109 "versicolor"
58 5.71 2.81 4.113 1.312 "versicolor"
58 6.29 3.298 5.989 2.485 "virginica"
58 5.814 2.709 5.082 1.913 "virginica"
58 7.118 2.982 5.898 2.103 "virginica"
58 6.291 2.905 5.611 1.813 "virginica"
58 6.508 3.006 5.798 2.179 "virginica"
58 7.582 3.01 6.611 2.099 "virginica"
58 4.919 2.498 4.505 1.695 "virginica"
58 7.316 2.908 6.289 1.806 "virginica"
58 6.708 2.496 5.806 1.787 "virginica"
58 7.188 3.6 6.085 2.494 "virginica"
58 6.492 3.191 5.097 2.002 "virginica"
58 6.396 2.715 5.291 1.89 "virginica"
58 6.809 3.01 5.507 2.104 "virginica"
58 5.699 2.515 5 2.008 "virginica"
58 5.8 2.796 5.065 2.403 "virginica"
58 6.409 3.191 5.297 2.301 "virginica"
58 6.507 3 5.522 1.807 "virginica"
58 7.707 3.781 6.688 2.204 "virginica"
58 7.723 2.598 6.899 2.289 "virginica"
58 5.974 2.2 5 1.521 "virginica"
58 6.922 3.184 5.696 2.294 "virginica"
58 5.606 2.796 4.892 2.012 "virginica"
58 7.686 2.799 6.698 1.981 "virginica"
58 6.311 2.717 4.916 1.806 "virginica"
58 6.679 3.285 5.685 2.098 "virginica"
58 7.195 3.19 5.997 1.788 "virginica"
58 6.204 2.808 4.784 1.812 "virginica"
58 6.104 2.984 4.886 1.792 "virginica"
58 6.386 2.788 5.597 2.098 "virginica"
58 7.199 3.018 5.822 1.63 "virginica"
58 7.39 2.793 6.102 1.886 "virginica"
58 7.886 3.781 6.403 2.015 "virginica"
58 6.397 2.806 5.599 2.192 "virginica"
58 6.302 2.809 5.101 1.501 "virginica"
58 6.11 2.581 5.595 1.388 "virginica"
58 7.72 2.996 6.106 2.311 "virginica"
58 6.289 3.394 5.61 2.397 "virginica"
58 6.399 3.104 5.513 1.797 "virginica"
58 6.004 3.012 4.806 1.795 "virginica"
58 6.903 3.097 5.412 2.096 "virginica"
58 6.699 3.095 5.601 2.387 "virginica"
58 6.916 3.101 5.087 2.293 "virginica"
58 5.791 2.698 5.109 1.905 "virginica"
58 6.814 3.195 5.903 2.295 "virginica"
58 6.706 3.302 5.683 2.495 "virginica"
58 6.708 2.994 5.181 2.299 "virginica"
58 6.288 2.511 5.015 1.886 "virginica"
58 6.494 2.987 5.216 1.996 "virginica"
58 6.201 3.386 5.398 2.294 "virginica"
58 5.906 2.996 5.107 1.793 "virginica"
