99 5.093 3.508 1.395 0.211 "setosa"
99 4.901 2.988 1.426 0.202 "setosa"
99 4.69 3.198 1.321 0.211 "setosa"
99 4.593 3.091 1.505 0.191 "setosa"
99 4.995 3.605 1.397 0.203 "setosa"
99 5.389 3.892 1.701 0.406 "setosa"
99 4.601 3.39 1.4 0.293 "setosa"
99 4.988 3.388 1.498 0.207 "setosa"
99 4.397 2.893 1.4 0.188 "setosa"
99 4.893 3.111 1.507 0.116 "setosa"
99 5.394 3.693 1.5 0.204 "setosa"
99 4.789 3.384 1.601 0.222 "setosa"
99 4.789 3.015 1.405 0.1 "setosa"
99 4.31 2.984 1.104 0.094 "setosa"
99 5.787 4.019 1.203 0.216 "setosa"
99 5.696 4.391 1.49 0.401 "setosa"
99 5.393 3.894 1.295 0.397 "setosa"
99 5.101 3.502 1.398 0.299 "setosa"
99 5.712 3.805 1.703 0.307 "setosa"
99 5.117 3.8 1.499 0.296 "setosa"
99 5.394 3.408 1.697 0.208 "setosa"
99 5.11 3.72 1.497 0.388 "setosa"
99 4.603 3.601 0.992 0.196 "setosa"
99 5.107 3.304 1.71 0.491 "setosa"
99 4.813 3.394 1.897 0.207 "setosa"
99 5.009 3 1.603 0.21 "setosa"
99 4.998 3.394 1.606 0.392 "setosa"
99 5.201 3.491 1.484 0.194 "setosa"
99 5.187 3.41 1.389 0.194 "setosa"
99 4.717 3.207 1.606 0.205 "setosa"
99 4.818 3.1 1.602 0.2 "setosa"
99 5.416 3.409 1.506 0.403 "setosa"
99 5.18 4.091 1.498 0.091 "setosa"
99 5.512 4.186 1.404 0.192 "setosa"
99 4.91 3.096 1.503 0.198 "setosa"
99 5.011 3.2 1.203 0.205 "setosa"
99 5.508 3.51 1.317 0.222 "setosa"
99 4.893 3.582 1.401 0.112 "setosa"
99 4.395 2.994 1.295 0.198 "setosa"
99 5.105 3.393 1.502 0.205 "setosa"
99 4.987 3.503 1.302 0.31 "setosa"
99 4.505 2.309 1.303 0.31 "setosa"
99 4.399 3.192 1.278 0.192 "setosa"
99 4.991 3.473 1.621 0.594 "setosa"
99 5.09 3.79 1.902 0.395 "setosa"
99 4.805 3.003 1.391 0.3 "setosa"
99 5.104 3.817 1.611 0.202 "setosa"
99 4.59 3.178 1.406 0.204 "setosa"
99 5.288 3.711 1.507 0.185 "setosa"
99 5.017 3.3 1.408 0.189 "setosa"
99 7.002 3.196 4.712 1.397 "versicolor"
99 6.402 3.199 4.488 1.49 "versicolor"
99 6.888 3.098 4.902 1.499 "versicolor"
99 5.505 2.316 3.985 1.302 "versicolor"
99 6.493 2.801 4.598 1.499 "versicolor"
99 5.675 2.795 4.506 1.289 "versicolor"
99 6.302 3.296 4.7 1.6 "versicolor"
99 4.905 2.404 3.313 0.987 "versicolor"
99 6.584 2.904 4.602 1.301 "versicolor"
99 5.196 2.697 3.906 1.376 "versicolor"
99 5.018 1.989 3.518 1.012 "versicolor"
99 5.891 3.007 4.202 1.498 "versicolor"
99 6.009 2.209 3.99 0.997 "versicolor"
99 6.09 2.894 4.696 1.393 "versicolor"
99 5.606 2.889 3.595 1.295 "versicolor"
99 6.696 3.102 4.407 1.394 "versicolor"
99 5.597 3.001 4.499 1.512 "versicolor"
99 5.777 2.712 4.085 0.997 "versicolor"
99 6.197 2.216 4.502 1.497 "versicolor"
99 5.606 2.505 3.906 1.103 "versicolor"
99 5.896 3.193 4.812 1.816 "versicolor"
99 6.104 2.799 4.004 1.308 "versicolor"
99 6.286 2.498 4.91 1.492 "versicolor"
99 6.123 2.827 4.718 1.199 "versicolor"
99 6.402 2.919 4.296 1.318 "versicolor"
99 6.596 3.023 4.387 1.403 "versicolor"
99 6.805 2.803 4.803 1.402 "versicolor"
99 6.687 2.984 4.973 1.701 "versicolor"
99 6.015 2.902 4.509 1.524 "versicolor"
99 5.715 2.602 3.49 1.004 "versicolor"
99 5.495 2.403 3.81 1.104 "versicolor"
99 5.507 2.409 3.708 1.004 "versicolor"
99 5.793 2.688 3.894 1.207 "versicolor"
99 5.987 2.684 5.095 1.595 "versicolor"
99 5.404 3.02 4.505 1.512 "versicolor"
99 5.995 3.407 4.505 1.604 "versicolor"
99 6.694 3.098 4.699 1.488 "versicolor"
99 6.31 2.294 4.4 1.309 "versicolor"
99 5.609 3 4.097 1.304 "versicolor"
99 5.494 2.498 3.997 1.288 "versicolor"
99 5.509 2.607 4.413 1.213 "versicolor"
99 6.097 2.982 4.601 1.406 "versicolor"
99 5.832 2.579 3.996 1.213 "versicolor"
99 4.998 2.296 3.296 1.005 "versicolor"
99 5.603 2.696 4.224 1.299 "versicolor"
99 5.697 2.999 4.186 1.205 "versicolor"
99 5.705 2.911 4.212 1.306 "versicolor"
99 6.192 2.916 4.303 1.278 "versicolor"
99 5.099 2.509 2.993 1.087 "versicolor"
99 5.698 2.814 4.1 1.307 "versicolor"
99 6.296 3.287 6.005 2.499 "virginica"
99 5.788 2.708 5.093 1.918 "virginica"
99 7.099 3.003 5.904 2.099 "virginica"
99 6.3 2.917 5.592 1.8 "virginica"
99 6.494 3.003 5.802 2.209 "virginica"
99 7.593 3.011 6.592 2.105 "virginica"
99 4.915 2.489 4.499 1.688 "virginica"
99 7.299 2.885 6.283 1.799 "virginica"
99 6.716 2.504 5.806 1.81 "virginica"
99 7.193 3.59 6.099 2.495 "virginica"
99 6.489 3.194 5.097 2 "virginica"
99 6.413 2.698 5.307 1.877 "virginica"
99 6.799 3.025 5.526 2.105 "virginica"
99 5.711 2.497 5.004 1.975 "virginica"
99 5.817 2.808 5.104 2.375 "virginica"
99 6.402 3.184 5.285 2.303 "virginica"
99 6.481 3.001 5.485 1.792 "virginica"
99 7.718 3.826 6.708 2.214 "virginica"
99 7.713 2.615 6.904 2.281 "virginica"
99 5.995 2.193 5.006 1.496 "virginica"
99 6.921 3.193 5.708 2.292 "virginica"
99 5.608 2.807 4.89 1.993 "virginica"
99 7.689 2.799 6.716 2.007 "virginica"
99 6.3 2.703 4.898 1.791 "virginica"
99 6.674 3.3 5.704 2.099 "virginica"
99 7.189 3.195 5.999 1.791 "virginica"
99 6.195 2.792 4.797 1.821 "virginica"
99 6.106 3.004 4.903 1.795 "virginica"
99 6.399 2.816 5.602 2.079 "virginica"
99 7.193 2.988 5.795 1.589 "virginica"
99 7.395 2.817 6.098 1.917 "virginica"
99 7.901 3.809 6.391 1.983 "virginica"
99 6.387 2.793 5.587 2.205 "virginica"
99 6.297 2.795 5.089 1.497 "virginica"
99 6.093 2.599 5.603 1.405 "virginica"
99 7.725 2.992 6.114 2.328 "virginica"
99 6.273 3.401 5.608 2.408 "virginica"
99 6.387 3.108 5.505 1.807 "virginica"
99 6 3.006 4.794 1.817 "virginica"
99 6.893 3.103 5.4 2.104 "virginica"
99 6.712 3.1 5.584 2.396 "virginica"
99 6.908 3.111 5.09 2.291 "virginica"
99 5.815 2.714 5.109 1.904 "virginica"
99 6.803 3.195 5.904 2.307 "virginica"
99 6.679 3.281 5.703 2.508 "virginica"
99 6.696 2.974 5.206 2.306 "virginica"
99 6.307 2.515 5 1.918 "virginica"
99 6.483 2.997 5.2 1.994 "virginica"
99 6.215 3.389 5.39 2.3 "virginica"
99 5.917 2.998 5.11 1.8 "virginica"
