25 5.114 3.499 1.398 0.201 "setosa"
25 4.907 3.001 1.403 0.2 "setosa"
25 4.677 3.199 1.3 0.207 "setosa"
25 4.581 3.109 1.507 0.194 "setosa"
25 5 3.6 1.406 0.215 "setosa"
25 5.405 3.893 1.692 0.401 "setosa"
25 4.596 3.416 1.398 0.312 "setosa"
25 5.007 3.395 1.505 0.205 "setosa"
25 4.392 2.899 1.394 0.197 "setosa"
25 4.891 3.107 1.49 0.069 "setosa"
25 5.423 3.697 1.506 0.189 "setosa"
25 4.794 3.401 1.591 0.189 "setosa"
25 4.794 2.999 1.406 0.096 "setosa"
25 4.274 2.998 1.101 0.078 "setosa"
25 5.812 3.997 1.202 0.197 "setosa"
25 5.695 4.395 1.509 0.397 "setosa"
25 5.405 3.895 1.295 0.406 "setosa"
25 5.099 3.48 1.413 0.306 "setosa"
25 5.69 3.795 1.699 0.291 "setosa"
25 5.11 3.795 1.501 0.293 "setosa"
25 5.42 3.406 1.684 0.181 "setosa"
25 5.093 3.691 1.51 0.419 "setosa"
25 4.603 3.607 0.997 0.209 "setosa"
25 5.078 3.304 1.704 0.513 "setosa"
25 4.798 3.39 1.899 0.188 "setosa"
25 5.01 3.008 1.607 0.189 "setosa"
25 5 3.403 1.596 0.4 "setosa"
25 5.185 3.5 1.485 0.215 "setosa"
25 5.194 3.414 1.404 0.204 "setosa"
25 4.704 3.209 1.596 0.189 "setosa"
25 4.8 3.099 1.608 0.203 "setosa"
25 5.401 3.396 1.515 0.42 "setosa"
25 5.195 4.09 1.479 0.109 "setosa"
25 5.5 4.196 1.42 0.209 "setosa"
25 4.904 3.097 1.5 0.204 "setosa"
25 4.996 3.195 1.192 0.196 "setosa"
25 5.5 3.509 1.289 0.199 "setosa"
25 4.9 3.612 1.406 0.098 "setosa"
25 4.399 3.006 1.287 0.203 "setosa"
25 5.087 3.396 1.507 0.192 "setosa"
25 5.003 3.505 1.3 0.321 "setosa"
25 4.494 2.302 1.3 0.29 "setosa"
25 4.406 3.195 1.302 0.197 "setosa"
25 4.987 3.5 1.608 0.596 "setosa"
25 5.076 3.795 1.895 0.409 "setosa"
25 4.798 2.994 1.385 0.303 "setosa"
25 5.095 3.798 1.593 0.181 "setosa"
25 4.607 3.203 1.412 0.203 "setosa"
25 5.301 3.697 1.515 0.21 "setosa"
25 4.996 3.314 1.4 0.215 "setosa"
25 7.012 3.197 4.698 1.398 "versicolor"
25 6.393 3.21 4.5 1.495 "versicolor"
25 6.893 3.108 4.905 1.505 "versicolor"
25 5.512 2.296 3.995 1.316 "versicolor"
25 6.504 2.809 4.584 1.503 "versicolor"
25 5.708 2.814 4.495 1.297 "versicolor"
25 6.309 3.31 4.699 1.589 "versicolor"
25 4.902 2.405 3.304 1.014 "versicolor"
25 6.586 2.896 4.627 1.301 "versicolor"
25 5.198 2.687 3.904 1.394 "versicolor"
25 5.004 2.021 3.498 1.01 "versicolor"
25 5.881 2.996 4.184 1.52 "versicolor"
25 6.001 2.212 4.006 0.995 "versicolor"
25 6.093 2.887 4.697 1.398 "versicolor"
25 5.597 2.911 3.599 1.297 "versicolor"
25 6.686 3.105 4.39 1.396 "versicolor"
25 5.602 2.997 4.494 1.489 "versicolor"
25 5.807 2.693 4.116 1.001 "versicolor"
25 6.186 2.189 4.511 1.484 "versicolor"
25 5.609 2.51 3.917 1.088 "versicolor"
25 5.903 3.197 4.785 1.787 "versicolor"
25 6.092 2.793 3.994 1.302 "versicolor"
25 6.291 2.5 4.912 1.504 "versicolor"
25 6.114 2.807 4.71 1.198 "versicolor"
25 6.389 2.899 4.29 1.297 "versicolor"
25 6.612 2.998 4.414 1.393 "versicolor"
25 6.804 2.804 4.807 1.401 "versicolor"
25 6.692 2.985 4.999 1.712 "versicolor"
25 6.006 2.901 4.514 1.506 "versicolor"
25 5.685 2.601 3.501 0.988 "versicolor"
25 5.489 2.398 3.792 1.095 "versicolor"
25 5.489 2.401 3.68 0.989 "versicolor"
25 5.82 2.706 3.907 1.193 "versicolor"
25 5.997 2.702 5.099 1.603 "versicolor"
25 5.394 2.989 4.508 1.504 "versicolor"
25 6.002 3.407 4.495 1.613 "versicolor"
25 6.709 3.087 4.704 1.493 "versicolor"
25 6.304 2.303 4.4 1.294 "versicolor"
25 5.609 3.026 4.109 1.29 "versicolor"
25 5.531 2.5 4.016 1.29 "versicolor"
25 5.507 2.596 4.409 1.185 "versicolor"
25 6.093 3.004 4.608 1.413 "versicolor"
25 5.811 2.595 4.01 1.203 "versicolor"
25 5.007 2.285 3.303 0.997 "versicolor"
25 5.577 2.702 4.207 1.295 "versicolor"
25 5.707 2.996 4.207 1.2 "versicolor"
25 5.694 2.888 4.187 1.301 "versicolor"
25 6.22 2.909 4.307 1.291 "versicolor"
25 5.096 2.497 3.008 1.098 "versicolor"
25 5.707 2.803 4.091 1.32 "versicolor"
25 6.302 3.311 6.017 2.507 "virginica"
25 5.795 2.71 5.1 1.904 "virginica"
25 7.09 3.007 5.901 2.103 "virginica"
25 6.289 2.907 5.579 1.803 "virginica"
25 6.499 2.992 5.797 2.193 "virginica"
25 7.596 3.01 6.613 2.085 "virginica"
25 4.902 2.494 4.515 1.676 "virginica"
25 7.322 2.883 6.298 1.802 "virginica"
25 6.702 2.505 5.79 1.782 "virginica"
25 7.216 3.593 6.114 2.499 "virginica"
25 6.498 3.196 5.116 2.013 "virginica"
25 6.4 2.686 5.286 1.92 "virginica"
25 6.805 3.002 5.477 2.104 "virginica"
25 5.69 2.503 5.002 1.993 "virginica"
25 5.81 2.785 5.113 2.396 "virginica"
25 6.402 3.206 5.305 2.296 "virginica"
25 6.518 3.025 5.506 1.804 "virginica"
25 7.703 3.783 6.701 2.199 "virginica"
25 7.689 2.604 6.91 2.303 "virginica"
25 5.982 2.2 4.991 1.502 "virginica"
25 6.909 3.198 5.701 2.294 "virginica"
25 5.586 2.811 4.897 2.014 "virginica"
25 7.687 2.802 6.702 2.004 "virginica"
25 6.298 2.691 4.906 1.808 "virginica"
25 6.715 3.301 5.698 2.106 "virginica"
25 7.202 3.186 6.002 1.801 "virginica"
25 6.213 2.803 4.792 1.805 "virginica"
25 6.091 2.996 4.913 1.8 "virginica"
25 6.397 2.796 5.604 2.109 "virginica"
25 7.21 3.006 5.811 1.59 "virginica"
25 7.403 2.802 6.097 1.915 "virginica"
25 7.911 3.806 6.419 2.006 "virginica"
25 6.406 2.806 5.608 2.215 "virginica"
25 6.297 2.784 5.112 1.504 "virginica"
25 6.103 2.604 5.591 1.39 "virginica"
25 7.699 3 6.09 2.3 "virginica"
25 6.299 3.399 5.618 2.4 "virginica"
25 6.417 3.096 5.499 1.824 "virginica"
25 6.004 3.001 4.801 1.781 "virginica"
25 6.906 3.078 5.414 2.101 "virginica"
25 6.693 3.089 5.615 2.408 "virginica"
25 6.903 3.112 5.101 2.291 "virginica"
25 5.807 2.697 5.104 1.909 "virginica"
25 6.814 3.202 5.89 2.289 "virginica"
25 6.702 3.298 5.685 2.497 "virginica"
25 6.69 2.993 5.194 2.296 "virginica"
25 6.292 2.499 5 1.892 "virginica"
25 6.513 2.993 5.201 2.015 "virginica"
25 6.216 3.396 5.401 2.296 "virginica"
25 5.896 3.006 5.1 1.792 "virginica"
