3 5.092 3.512 1.396 0.196 "setosa"
3 4.899 2.995 1.385 0.187 "setosa"
3 4.697 3.202 1.307 0.195 "setosa"
3 4.582 3.113 1.507 0.19 "setosa"
3 4.987 3.598 1.411 0.186 "setosa"
3 5.413 3.897 1.699 0.381 "setosa"
3 4.597 3.383 1.398 0.302 "setosa"
3 5.01 3.399 1.524 0.18 "setosa"
3 4.421 2.905 1.395 0.209 "setosa"
3 4.895 3.087 1.506 0.107 "setosa"
3 5.408 3.688 1.509 0.194 "setosa"
3 4.806 3.39 1.59 0.198 "setosa"
3 4.8 3.003 1.405 0.106 "setosa"
3 4.309 2.993 1.112 0.105 "setosa"
3 5.791 4.008 1.197 0.198 "setosa"
3 5.688 4.401 1.516 0.394 "setosa"
3 5.394 3.901 1.288 0.399 "setosa"
3 5.114 3.498 1.39 0.306 "setosa"
3 5.703 3.786 1.711 0.293 "setosa"
3 5.093 3.8 1.493 0.301 "setosa"
3 5.397 3.398 1.686 0.203 "setosa"
3 5.102 3.697 1.498 0.385 "setosa"
3 4.593 3.612 1.002 0.2 "setosa"
3 5.099 3.298 1.677 0.489 "setosa"
3 4.79 3.416 1.892 0.207 "setosa"
3 5.009 2.994 1.609 0.216 "setosa"
3 5.011 3.393 1.605 0.39 "setosa"
3 5.197 3.501 1.503 0.184 "setosa"
3 5.204 3.411 1.397 0.197 "setosa"
3 4.684 3.206 1.605 0.208 "setosa"
3 4.794 3.108 1.628 0.191 "setosa"
3 5.411 3.402 1.492 0.392 "setosa"
3 5.206 4.099 1.488 0.1 "setosa"
3 5.51 4.206 1.421 0.187 "setosa"
3 4.902 3.099 1.49 0.202 "setosa"
3 4.993 3.196 1.216 0.21 "setosa"
3 5.494 3.511 1.29 0.19 "setosa"
3 4.898 3.584 1.406 0.11 "setosa"
3 4.39 2.991 1.302 0.196 "setosa"
3 5.101 3.401 1.514 0.173 "setosa"
3 4.991 3.508 1.301 0.289 "setosa"
3 4.498 2.284 1.294 0.305 "setosa"
3 4.4 3.185 1.286 0.213 "setosa"
3 5 3.508 1.597 0.608 "setosa"
3 5.097 3.8 1.915 0.396 "setosa"
3 4.811 2.976 1.388 0.3 "setosa"
3 5.101 3.802 1.59 0.199 "setosa"
3 4.605 3.215 1.416 0.194 "setosa"
3 5.294 3.713 1.503 0.191 "setosa"
3 5 3.299 1.398 0.184 "setosa"
3 6.992 3.21 4.712 1.398 "versicolor"
3 6.402 3.203 4.502 1.499 "versicolor"
3 6.882 3.102 4.891 1.488 "versicolor"
3 5.491 2.309 3.993 1.303 "versicolor"
3 6.49 2.801 4.584 1.494 "versicolor"
3 5.704 2.793 4.503 1.287 "versicolor"
3 6.301 3.298 4.708 1.596 "versicolor"
3 4.888 2.408 3.295 1.001 "versicolor"
3 6.591 2.898 4.598 1.307 "versicolor"
3 5.211 2.695 3.9 1.406 "versicolor"
3 4.998 1.993 3.516 0.985 "versicolor"
3 5.902 2.974 4.202 1.472 "versicolor"
3 6.004 2.211 4.014 0.987 "versicolor"
3 6.102 2.894 4.705 1.397 "versicolor"
3 5.605 2.893 3.592 1.324 "versicolor"
3 6.688 3.091 4.398 1.41 "versicolor"
3 5.608 2.997 4.511 1.517 "versicolor"
3 5.813 2.694 4.11 1.004 "versicolor"
3 6.186 2.204 4.514 1.482 "versicolor"
3 5.606 2.52 3.906 1.084 "versicolor"
3 5.911 3.192 4.788 1.796 "versicolor"
3 6.097 2.801 4.005 1.304 "versicolor"
3 6.305 2.501 4.912 1.522 "versicolor"
3 6.109 2.807 4.707 1.208 "versicolor"
3 6.396 2.902 4.309 1.306 "versicolor"
3 6.61 3.004 4.392 1.414 "versicolor"
3 6.798 2.794 4.81 1.403 "versicolor"
3 6.702 3.001 5.008 1.702 "versicolor"
3 6.018 2.904 4.508 1.499 "versicolor"
3 5.733 2.599 3.489 0.993 "versicolor"
3 5.515 2.416 3.806 1.086 "versicolor"
3 5.508 2.4 3.688 1.003 "versicolor"
3 5.791 2.692 3.883 1.215 "versicolor"
3 6.007 2.706 5.095 1.599 "versicolor"
3 5.407 2.988 4.492 1.495 "versicolor"
3 5.999 3.398 4.496 1.595 "versicolor"
3 6.71 3.111 4.687 1.498 "versicolor"
3 6.311 2.294 4.405 1.291 "versicolor"
3 5.605 3.007 4.108 1.307 "versicolor"
3 5.473 2.49 3.999 1.305 "versicolor"
3 5.502 2.616 4.395 1.193 "versicolor"
3 6.105 3.002 4.603 1.399 "versicolor"
3 5.798 2.598 3.991 1.197 "versicolor"
3 4.994 2.299 3.328 1.008 "versicolor"
3 5.605 2.695 4.209 1.295 "versicolor"
3 5.69 3.008 4.195 1.203 "versicolor"
3 5.689 2.885 4.202 1.29 "versicolor"
3 6.184 2.908 4.294 1.292 "versicolor"
3 5.089 2.489 2.991 1.102 "versicolor"
3 5.696 2.779 4.093 1.315 "versicolor"
3 6.317 3.295 6.006 2.495 "virginica"
3 5.793 2.696 5.09 1.923 "virginica"
3 7.093 3.001 5.901 2.093 "virginica"
3 6.303 2.903 5.61 1.805 "virginica"
3 6.507 3.018 5.826 2.201 "virginica"
3 7.591 2.985 6.598 2.103 "virginica"
3 4.906 2.5 4.502 1.712 "virginica"
3 7.269 2.891 6.289 1.796 "virginica"
3 6.694 2.48 5.797 1.791 "virginica"
3 7.199 3.604 6.095 2.504 "virginica"
3 6.502 3.21 5.102 1.999 "virginica"
3 6.402 2.702 5.299 1.903 "virginica"
3 6.795 2.997 5.498 2.099 "virginica"
3 5.708 2.496 4.993 2.001 "virginica"
3 5.802 2.78 5.083 2.391 "virginica"
3 6.395 3.187 5.306 2.293 "virginica"
3 6.511 2.998 5.488 1.809 "virginica"
3 7.697 3.814 6.7 2.219 "virginica"
3 7.696 2.6 6.894 2.33 "virginica"
3 5.999 2.208 5.014 1.497 "virginica"
3 6.903 3.187 5.706 2.292 "virginica"
3 5.593 2.793 4.9 2.015 "virginica"
3 7.697 2.808 6.692 2.001 "virginica"
3 6.282 2.71 4.904 1.79 "virginica"
3 6.706 3.29 5.697 2.103 "virginica"
3 7.222 3.214 5.993 1.827 "virginica"
3 6.212 2.828 4.811 1.8 "virginica"
3 6.109 2.987 4.894 1.778 "virginica"
3 6.411 2.798 5.6 2.104 "virginica"
3 7.198 3.001 5.8 1.595 "virginica"
3 7.428 2.779 6.107 1.902 "virginica"
3 7.887 3.796 6.394 2.012 "virginica"
3 6.39 2.796 5.568 2.203 "virginica"
3 6.285 2.795 5.113 1.512 "virginica"
3 6.104 2.59 5.605 1.395 "virginica"
3 7.7 3.013 6.108 2.297 "virginica"
3 6.307 3.395 5.589 2.391 "virginica"
3 6.39 3.101 5.479 1.793 "virginica"
3 5.979 3.011 4.803 1.813 "virginica"
3 6.917 3.089 5.409 2.089 "virginica"
3 6.704 3.098 5.602 2.395 "virginica"
3 6.894 3.094 5.121 2.295 "virginica"
3 5.78 2.712 5.11 1.904 "virginica"
3 6.777 3.194 5.895 2.297 "virginica"
3 6.712 3.304 5.706 2.507 "virginica"
3 6.706 2.996 5.199 2.298 "virginica"
3 6.29 2.494 5.016 1.904 "virginica"
3 6.476 3 5.199 2 "virginica"
3 6.198 3.381 5.398 2.304 "virginica"
3 5.91 2.995 5.096 1.795 "virginica"
