52 5.096 3.505 1.398 0.191 "setosa"
52 4.894 2.993 1.409 0.203 "setosa"
52 4.703 3.214 1.293 0.205 "setosa"
52 4.6 3.116 1.518 0.22 "setosa"
52 4.993 3.61 1.413 0.194 "setosa"
52 5.383 3.893 1.7 0.401 "setosa"
52 4.59 3.408 1.399 0.309 "setosa"
52 5.009 3.389 1.494 0.205 "setosa"
52 4.394 2.871 1.394 0.209 "setosa"
52 4.875 3.084 1.507 0.075 "setosa"
52 5.409 3.698 1.488 0.198 "setosa"
52 4.796 3.405 1.599 0.192 "setosa"
52 4.803 3.023 1.388 0.106 "setosa"
52 4.286 2.995 1.11 0.113 "setosa"
52 5.792 3.987 1.204 0.205 "setosa"
52 5.694 4.412 1.504 0.381 "setosa"
52 5.412 3.911 1.317 0.402 "setosa"
52 5.102 3.505 1.38 0.294 "setosa"
52 5.71 3.808 1.71 0.312 "setosa"
52 5.094 3.779 1.504 0.31 "setosa"
52 5.399 3.408 1.707 0.192 "setosa"
52 5.099 3.701 1.509 0.418 "setosa"
52 4.604 3.601 1.009 0.193 "setosa"
52 5.098 3.3 1.708 0.509 "setosa"
52 4.8 3.411 1.9 0.197 "setosa"
52 4.995 2.995 1.589 0.2 "setosa"
52 5.002 3.408 1.586 0.405 "setosa"
52 5.2 3.484 1.491 0.197 "setosa"
52 5.214 3.384 1.395 0.185 "setosa"
52 4.7 3.207 1.589 0.204 "setosa"
52 4.795 3.099 1.599 0.206 "setosa"
52 5.392 3.4 1.488 0.403 "setosa"
52 5.219 4.083 1.5 0.102 "setosa"
52 5.479 4.21 1.404 0.208 "setosa"
52 4.892 3.113 1.495 0.213 "setosa"
52 4.998 3.199 1.18 0.194 "setosa"
52 5.503 3.492 1.293 0.212 "setosa"
52 4.885 3.602 1.412 0.087 "setosa"
52 4.389 2.996 1.312 0.213 "setosa"
52 5.096 3.397 1.501 0.187 "setosa"
52 4.992 3.508 1.305 0.304 "setosa"
52 4.503 2.294 1.305 0.301 "setosa"
52 4.413 3.22 1.292 0.196 "setosa"
52 4.976 3.509 1.606 0.603 "setosa"
52 5.099 3.793 1.895 0.38 "setosa"
52 4.799 2.978 1.386 0.297 "setosa"
52 5.092 3.801 1.585 0.18 "setosa"
52 4.586 3.207 1.402 0.207 "setosa"
52 5.291 3.698 1.504 0.211 "setosa"
52 4.981 3.324 1.396 0.205 "setosa"
52 7.002 3.196 4.694 1.391 "versicolor"
52 6.395 3.195 4.505 1.511 "versicolor"
52 6.904 3.092 4.894 1.484 "versicolor"
52 5.502 2.298 4.006 1.3 "versicolor"
52 6.52 2.805 4.61 1.497 "versicolor"
52 5.705 2.789 4.506 1.308 "versicolor"
52 6.298 3.307 4.678 1.609 "versicolor"
52 4.896 2.396 3.316 0.991 "versicolor"
52 6.599 2.88 4.608 1.308 "versicolor"
52 5.196 2.691 3.902 1.4 "versicolor"
52 5.004 1.996 3.505 0.988 "versicolor"
52 5.904 3.005 4.198 1.493 "versicolor"
52 5.996 2.201 4.006 0.989 "versicolor"
52 6.097 2.904 4.7 1.393 "versicolor"
52 5.594 2.901 3.601 1.305 "versicolor"
52 6.686 3.102 4.392 1.414 "versicolor"
52 5.602 2.998 4.503 1.504 "versicolor"
52 5.806 2.709 4.109 1.021 "versicolor"
52 6.196 2.211 4.508 1.508 "versicolor"
52 5.594 2.515 3.904 1.102 "versicolor"
52 5.915 3.187 4.818 1.824 "versicolor"
52 6.084 2.799 3.993 1.293 "versicolor"
52 6.311 2.483 4.896 1.501 "versicolor"
52 6.117 2.821 4.704 1.189 "versicolor"
52 6.384 2.926 4.297 1.293 "versicolor"
52 6.581 2.991 4.411 1.408 "versicolor"
52 6.792 2.801 4.796 1.41 "versicolor"
52 6.693 2.991 5 1.713 "versicolor"
52 5.999 2.905 4.507 1.499 "versicolor"
52 5.694 2.618 3.514 1.012 "versicolor"
52 5.51 2.388 3.791 1.08 "versicolor"
52 5.509 2.419 3.701 1.002 "versicolor"
52 5.793 2.717 3.911 1.191 "versicolor"
52 6 2.711 5.107 1.595 "versicolor"
52 5.393 3.008 4.504 1.479 "versicolor"
52 5.984 3.409 4.513 1.596 "versicolor"
52 6.689 3.109 4.705 1.502 "versicolor"
52 6.304 2.301 4.4 1.303 "versicolor"
52 5.597 2.996 4.085 1.298 "versicolor"
52 5.512 2.492 3.989 1.3 "versicolor"
52 5.487 2.585 4.412 1.223 "versicolor"
52 6.093 2.998 4.582 1.399 "versicolor"
52 5.792 2.595 3.99 1.191 "versicolor"
52 4.985 2.306 3.32 0.99 "versicolor"
52 5.615 2.704 4.192 1.292 "versicolor"
52 5.699 2.999 4.193 1.198 "versicolor"
52 5.7 2.89 4.196 1.315 "versicolor"
52 6.185 2.894 4.31 1.302 "versicolor"
52 5.11 2.509 2.993 1.104 "versicolor"
52 5.691 2.807 4.08 1.306 "versicolor"
52 6.31 3.293 6.009 2.503 "virginica"
52 5.81 2.697 5.093 1.888 "virginica"
52 7.08 2.979 5.907 2.086 "virginica"
52 6.282 2.899 5.611 1.806 "virginica"
52 6.533 3.007 5.792 2.222 "virginica"
52 7.588 2.993 6.609 2.116 "virginica"
52 4.896 2.523 4.514 1.713 "virginica"
52 7.304 2.898 6.295 1.808 "virginica"
52 6.691 2.51 5.796 1.793 "virginica"
52 7.203 3.613 6.1 2.493 "virginica"
52 6.515 3.2 5.095 1.989 "virginica"
52 6.415 2.672 5.308 1.891 "virginica"
52 6.803 3.004 5.504 2.093 "virginica"
52 5.696 2.509 4.997 2.002 "virginica"
52 5.818 2.823 5.109 2.401 "virginica"
52 6.408 3.2 5.314 2.31 "virginica"
52 6.493 2.998 5.494 1.783 "virginica"
52 7.703 3.802 6.701 2.219 "virginica"
52 7.696 2.605 6.908 2.297 "virginica"
52 6.005 2.19 4.993 1.492 "virginica"
52 6.91 3.204 5.694 2.306 "virginica"
52 5.617 2.823 4.904 2 "virginica"
52 7.712 2.787 6.696 2.011 "virginica"
52 6.302 2.69 4.887 1.791 "virginica"
52 6.693 3.31 5.703 2.114 "virginica"
52 7.214 3.203 5.993 1.815 "virginica"
52 6.204 2.804 4.806 1.803 "virginica"
52 6.11 3.004 4.901 1.791 "virginica"
52 6.397 2.801 5.616 2.087 "virginica"
52 7.204 3.017 5.789 1.613 "virginica"
52 7.394 2.807 6.112 1.907 "virginica"
52 7.896 3.79 6.403 2.001 "virginica"
52 6.396 2.812 5.599 2.222 "virginica"
52 6.3 2.803 5.093 1.504 "virginica"
52 6.096 2.593 5.623 1.393 "virginica"
52 7.694 2.993 6.093 2.301 "virginica"
52 6.306 3.404 5.611 2.383 "virginica"
52 6.41 3.127 5.517 1.797 "virginica"
52 5.996 2.991 4.81 1.834 "virginica"
52 6.914 3.096 5.387 2.095 "virginica"
52 6.703 3.105 5.603 2.394 "virginica"
52 6.898 3.109 5.088 2.3 "virginica"
52 5.82 2.697 5.097 1.896 "virginica"
52 6.803 3.193 5.895 2.302 "virginica"
52 6.695 3.309 5.702 2.518 "virginica"
52 6.681 2.988 5.208 2.303 "virginica"
52 6.314 2.49 5.036 1.904 "virginica"
52 6.497 3.018 5.21 2.005 "virginica"
52 6.187 3.4 5.39 2.296 "virginica"
52 5.889 3.001 5.114 1.797 "virginica"
