83 5.091 3.484 1.398 0.205 "setosa"
83 4.909 3.003 1.392 0.211 "setosa"
83 4.687 3.194 1.307 0.214 "setosa"
83 4.613 3.097 1.502 0.194 "setosa"
83 5.009 3.587 1.397 0.204 "setosa"
83 5.401 3.92 1.706 0.398 "setosa"
83 4.61 3.413 1.428 0.305 "setosa"
83 5.002 3.404 1.486 0.196 "setosa"
83 4.413 2.905 1.392 0.18 "setosa"
83 4.89 3.097 1.49 0.102 "setosa"
83 5.393 3.694 1.499 0.189 "setosa"
83 4.802 3.408 1.592 0.211 "setosa"
83 4.791 2.989 1.398 0.105 "setosa"
83 4.306 3.004 1.112 0.108 "setosa"
83 5.793 3.975 1.191 0.211 "setosa"
83 5.706 4.392 1.492 0.408 "setosa"
83 5.389 3.923 1.304 0.385 "setosa"
83 5.101 3.523 1.397 0.289 "setosa"
83 5.698 3.797 1.661 0.296 "setosa"
83 5.076 3.812 1.493 0.302 "setosa"
83 5.393 3.393 1.703 0.205 "setosa"
83 5.105 3.691 1.503 0.418 "setosa"
83 4.584 3.603 0.99 0.196 "setosa"
83 5.096 3.283 1.695 0.496 "setosa"
83 4.806 3.382 1.901 0.2 "setosa"
83 4.998 2.996 1.591 0.197 "setosa"
83 5.016 3.404 1.603 0.403 "setosa"
83 5.205 3.499 1.481 0.208 "setosa"
83 5.181 3.391 1.399 0.187 "setosa"
83 4.697 3.195 1.583 0.215 "setosa"
83 4.788 3.112 1.597 0.192 "setosa"
83 5.415 3.391 1.5 0.386 "setosa"
83 5.206 4.113 1.501 0.087 "setosa"
83 5.502 4.188 1.4 0.201 "setosa"
83 4.913 3.1 1.483 0.207 "setosa"
83 4.988 3.209 1.21 0.219 "setosa"
83 5.501 3.506 1.282 0.206 "setosa"
83 4.902 3.61 1.399 0.072 "setosa"
83 4.411 2.991 1.295 0.188 "setosa"
83 5.119 3.404 1.494 0.207 "setosa"
83 4.998 3.493 1.282 0.291 "setosa"
83 4.494 2.299 1.299 0.298 "setosa"
83 4.398 3.192 1.291 0.211 "setosa"
83 5.018 3.507 1.598 0.595 "setosa"
83 5.111 3.776 1.898 0.389 "setosa"
83 4.786 3.009 1.387 0.297 "setosa"
83 5.091 3.804 1.614 0.208 "setosa"
83 4.582 3.189 1.386 0.208 "setosa"
83 5.292 3.701 1.508 0.198 "setosa"
83 4.994 3.303 1.394 0.215 "setosa"
83 6.993 3.189 4.697 1.402 "versicolor"
83 6.409 3.189 4.493 1.483 "versicolor"
83 6.899 3.104 4.904 1.5 "versicolor"
83 5.507 2.306 4.016 1.313 "versicolor"
83 6.507 2.802 4.594 1.508 "versicolor"
83 5.712 2.804 4.491 1.304 "versicolor"
83 6.298 3.309 4.703 1.616 "versicolor"
83 4.896 2.405 3.306 1.004 "versicolor"
83 6.627 2.904 4.601 1.313 "versicolor"
83 5.191 2.697 3.903 1.422 "versicolor"
83 4.989 1.996 3.514 0.998 "versicolor"
83 5.915 3.001 4.183 1.51 "versicolor"
83 6.002 2.185 4.006 0.992 "versicolor"
83 6.085 2.897 4.721 1.412 "versicolor"
83 5.607 2.898 3.59 1.295 "versicolor"
83 6.697 3.093 4.393 1.41 "versicolor"
83 5.61 2.984 4.512 1.502 "versicolor"
83 5.794 2.686 4.098 1.009 "versicolor"
83 6.208 2.202 4.492 1.524 "versicolor"
83 5.606 2.491 3.891 1.114 "versicolor"
83 5.893 3.201 4.8 1.801 "versicolor"
83 6.115 2.781 3.994 1.299 "versicolor"
83 6.32 2.497 4.892 1.497 "versicolor"
83 6.09 2.805 4.727 1.19 "versicolor"
83 6.402 2.913 4.301 1.293 "versicolor"
83 6.606 2.997 4.398 1.412 "versicolor"
83 6.812 2.825 4.79 1.377 "versicolor"
83 6.69 3.013 5.001 1.722 "versicolor"
83 5.997 2.903 4.495 1.505 "versicolor"
83 5.693 2.61 3.491 0.993 "versicolor"
83 5.499 2.4 3.795 1.1 "versicolor"
83 5.5 2.411 3.693 0.996 "versicolor"
83 5.796 2.693 3.891 1.204 "versicolor"
83 5.987 2.673 5.104 1.587 "versicolor"
83 5.405 3.003 4.498 1.507 "versicolor"
83 6.001 3.373 4.491 1.577 "versicolor"
83 6.711 3.083 4.695 1.511 "versicolor"
83 6.307 2.293 4.408 1.298 "versicolor"
83 5.598 3.002 4.088 1.315 "versicolor"
83 5.511 2.5 3.991 1.302 "versicolor"
83 5.498 2.613 4.414 1.173 "versicolor"
83 6.094 3.017 4.586 1.396 "versicolor"
83 5.805 2.609 3.997 1.201 "versicolor"
83 5.012 2.306 3.299 1.013 "versicolor"
83 5.589 2.701 4.214 1.31 "versicolor"
83 5.692 3.013 4.21 1.208 "versicolor"
83 5.693 2.903 4.2 1.289 "versicolor"
83 6.201 2.889 4.292 1.292 "versicolor"
83 5.095 2.501 3.002 1.107 "versicolor"
83 5.688 2.81 4.085 1.296 "versicolor"
83 6.307 3.327 5.995 2.49 "virginica"
83 5.779 2.72 5.105 1.904 "virginica"
83 7.106 2.988 5.914 2.106 "virginica"
83 6.302 2.903 5.616 1.788 "virginica"
83 6.506 3.012 5.796 2.212 "virginica"
83 7.602 3.003 6.605 2.107 "virginica"
83 4.898 2.501 4.497 1.694 "virginica"
83 7.303 2.886 6.314 1.809 "virginica"
83 6.715 2.506 5.805 1.81 "virginica"
83 7.193 3.597 6.096 2.498 "virginica"
83 6.496 3.192 5.115 2.001 "virginica"
83 6.402 2.706 5.297 1.899 "virginica"
83 6.814 3.01 5.487 2.098 "virginica"
83 5.692 2.501 4.995 1.989 "virginica"
83 5.805 2.807 5.092 2.423 "virginica"
83 6.403 3.2 5.292 2.296 "virginica"
83 6.51 2.986 5.483 1.811 "virginica"
83 7.702 3.815 6.709 2.197 "virginica"
83 7.696 2.603 6.903 2.305 "virginica"
83 5.999 2.19 5.002 1.508 "virginica"
83 6.906 3.2 5.7 2.296 "virginica"
83 5.612 2.792 4.902 1.986 "virginica"
83 7.7 2.787 6.694 2.01 "virginica"
83 6.299 2.71 4.901 1.807 "virginica"
83 6.702 3.297 5.7 2.088 "virginica"
83 7.196 3.195 6.008 1.788 "virginica"
83 6.206 2.81 4.812 1.79 "virginica"
83 6.1 2.995 4.909 1.802 "virginica"
83 6.394 2.812 5.591 2.099 "virginica"
83 7.204 2.996 5.799 1.602 "virginica"
83 7.395 2.817 6.121 1.902 "virginica"
83 7.895 3.808 6.406 2.004 "virginica"
83 6.405 2.789 5.604 2.203 "virginica"
83 6.282 2.791 5.116 1.51 "virginica"
83 6.101 2.613 5.616 1.414 "virginica"
83 7.682 2.987 6.098 2.293 "virginica"
83 6.291 3.396 5.602 2.403 "virginica"
83 6.401 3.108 5.492 1.775 "virginica"
83 5.99 3 4.795 1.806 "virginica"
83 6.904 3.102 5.386 2.091 "virginica"
83 6.704 3.103 5.601 2.398 "virginica"
83 6.907 3.093 5.093 2.294 "virginica"
83 5.792 2.712 5.121 1.909 "virginica"
83 6.803 3.202 5.89 2.304 "virginica"
83 6.717 3.297 5.686 2.511 "virginica"
83 6.694 3.018 5.223 2.317 "virginica"
83 6.277 2.491 4.998 1.907 "virginica"
83 6.506 3.007 5.193 2.007 "virginica"
83 6.2 3.402 5.393 2.311 "virginica"
83 5.909 2.994 5.089 1.797 "virginica"
