78 5.082 3.495 1.4 0.221 "setosa"
78 4.894 3.014 1.41 0.198 "setosa"
78 4.707 3.204 1.316 0.21 "setosa"
78 4.592 3.108 1.497 0.192 "setosa"
78 5.005 3.6 1.389 0.203 "setosa"
78 5.409 3.882 1.709 0.411 "setosa"
78 4.588 3.398 1.407 0.286 "setosa"
78 5.002 3.395 1.506 0.215 "setosa"
78 4.416 2.882 1.383 0.204 "setosa"
78 4.888 3.113 1.482 0.097 "setosa"
78 5.413 3.72 1.481 0.208 "setosa"
78 4.791 3.411 1.605 0.194 "setosa"
78 4.812 3 1.395 0.095 "setosa"
78 4.296 2.986 1.114 0.099 "setosa"
78 5.793 4.002 1.195 0.201 "setosa"
78 5.693 4.38 1.498 0.396 "setosa"
78 5.395 3.908 1.301 0.403 "setosa"
78 5.078 3.488 1.398 0.317 "setosa"
78 5.711 3.786 1.69 0.297 "setosa"
78 5.089 3.799 1.505 0.292 "setosa"
78 5.387 3.399 1.69 0.2 "setosa"
78 5.102 3.718 1.501 0.408 "setosa"
78 4.603 3.595 1.007 0.204 "setosa"
78 5.105 3.282 1.723 0.485 "setosa"
78 4.785 3.384 1.895 0.179 "setosa"
78 4.994 2.992 1.603 0.194 "setosa"
78 4.996 3.386 1.581 0.409 "setosa"
78 5.196 3.486 1.503 0.21 "setosa"
78 5.201 3.41 1.397 0.223 "setosa"
78 4.688 3.194 1.603 0.208 "setosa"
78 4.797 3.095 1.598 0.188 "setosa"
78 5.397 3.394 1.489 0.399 "setosa"
78 5.213 4.095 1.499 0.111 "setosa"
78 5.509 4.208 1.393 0.199 "setosa"
78 4.901 3.105 1.504 0.2 "setosa"
78 4.999 3.206 1.199 0.203 "setosa"
78 5.498 3.503 1.317 0.203 "setosa"
78 4.88 3.607 1.409 0.099 "setosa"
78 4.394 3.015 1.295 0.194 "setosa"
78 5.09 3.39 1.502 0.192 "setosa"
78 4.99 3.495 1.292 0.289 "setosa"
78 4.513 2.322 1.298 0.298 "setosa"
78 4.394 3.206 1.289 0.188 "setosa"
78 4.999 3.484 1.605 0.621 "setosa"
78 5.121 3.777 1.922 0.401 "setosa"
78 4.813 3 1.389 0.278 "setosa"
78 5.111 3.796 1.598 0.198 "setosa"
78 4.601 3.213 1.401 0.216 "setosa"
78 5.31 3.719 1.514 0.189 "setosa"
78 5.014 3.311 1.416 0.203 "setosa"
78 7.004 3.218 4.685 1.411 "versicolor"
78 6.405 3.191 4.507 1.52 "versicolor"
78 6.903 3.098 4.912 1.489 "versicolor"
78 5.503 2.313 3.998 1.295 "versicolor"
78 6.486 2.804 4.593 1.502 "versicolor"
78 5.713 2.816 4.51 1.291 "versicolor"
78 6.303 3.303 4.7 1.594 "versicolor"
78 4.917 2.404 3.308 1.018 "versicolor"
78 6.598 2.897 4.591 1.291 "versicolor"
78 5.187 2.685 3.915 1.397 "versicolor"
78 5.005 1.994 3.504 0.997 "versicolor"
78 5.902 3.017 4.205 1.492 "versicolor"
78 6.004 2.207 3.999 0.985 "versicolor"
78 6.093 2.913 4.686 1.411 "versicolor"
78 5.59 2.901 3.594 1.31 "versicolor"
78 6.7 3.116 4.404 1.411 "versicolor"
78 5.595 3.01 4.5 1.489 "versicolor"
78 5.82 2.697 4.092 1.004 "versicolor"
78 6.191 2.214 4.495 1.512 "versicolor"
78 5.617 2.505 3.897 1.088 "versicolor"
78 5.922 3.193 4.805 1.801 "versicolor"
78 6.109 2.807 3.997 1.313 "versicolor"
78 6.277 2.495 4.896 1.505 "versicolor"
78 6.081 2.788 4.691 1.194 "versicolor"
78 6.395 2.896 4.305 1.298 "versicolor"
78 6.596 3.016 4.399 1.415 "versicolor"
78 6.794 2.793 4.797 1.402 "versicolor"
78 6.71 3.005 4.986 1.687 "versicolor"
78 5.994 2.895 4.488 1.516 "versicolor"
78 5.712 2.604 3.506 0.984 "versicolor"
78 5.501 2.395 3.793 1.109 "versicolor"
78 5.505 2.402 3.728 0.995 "versicolor"
78 5.786 2.691 3.905 1.198 "versicolor"
78 5.992 2.696 5.092 1.611 "versicolor"
78 5.409 2.997 4.502 1.497 "versicolor"
78 5.987 3.398 4.49 1.595 "versicolor"
78 6.696 3.107 4.694 1.489 "versicolor"
78 6.309 2.29 4.413 1.305 "versicolor"
78 5.589 2.995 4.113 1.283 "versicolor"
78 5.492 2.505 4.007 1.301 "versicolor"
78 5.507 2.616 4.403 1.215 "versicolor"
78 6.092 2.999 4.595 1.417 "versicolor"
78 5.801 2.596 3.994 1.194 "versicolor"
78 5.008 2.31 3.308 1.001 "versicolor"
78 5.584 2.696 4.2 1.32 "versicolor"
78 5.689 2.989 4.196 1.2 "versicolor"
78 5.688 2.914 4.193 1.314 "versicolor"
78 6.18 2.899 4.324 1.295 "versicolor"
78 5.101 2.507 3.021 1.128 "versicolor"
78 5.69 2.795 4.104 1.302 "versicolor"
78 6.289 3.29 6 2.497 "virginica"
78 5.814 2.715 5.09 1.887 "virginica"
78 7.096 2.999 5.895 2.089 "virginica"
78 6.28 2.899 5.602 1.81 "virginica"
78 6.505 2.993 5.787 2.203 "virginica"
78 7.607 2.988 6.622 2.096 "virginica"
78 4.903 2.503 4.467 1.703 "virginica"
78 7.306 2.91 6.308 1.788 "virginica"
78 6.7 2.509 5.801 1.802 "virginica"
78 7.193 3.591 6.109 2.498 "virginica"
78 6.495 3.207 5.091 1.996 "virginica"
78 6.402 2.709 5.306 1.89 "virginica"
78 6.819 2.997 5.521 2.126 "virginica"
78 5.694 2.497 4.992 2.027 "virginica"
78 5.804 2.83 5.084 2.389 "virginica"
78 6.392 3.203 5.291 2.314 "virginica"
78 6.505 3.003 5.505 1.801 "virginica"
78 7.704 3.802 6.68 2.184 "virginica"
78 7.706 2.603 6.899 2.297 "virginica"
78 5.988 2.196 5.024 1.497 "virginica"
78 6.904 3.199 5.693 2.265 "virginica"
78 5.6 2.797 4.898 1.994 "virginica"
78 7.699 2.797 6.69 1.994 "virginica"
78 6.286 2.684 4.901 1.816 "virginica"
78 6.697 3.291 5.685 2.095 "virginica"
78 7.19 3.184 5.994 1.804 "virginica"
78 6.196 2.79 4.8 1.823 "virginica"
78 6.092 2.988 4.877 1.795 "virginica"
78 6.38 2.808 5.617 2.109 "virginica"
78 7.197 2.996 5.798 1.601 "virginica"
78 7.394 2.805 6.093 1.903 "virginica"
78 7.902 3.786 6.41 1.997 "virginica"
78 6.39 2.799 5.605 2.188 "virginica"
78 6.313 2.811 5.093 1.491 "virginica"
78 6.118 2.604 5.615 1.405 "virginica"
78 7.687 3.003 6.109 2.328 "virginica"
78 6.299 3.389 5.61 2.397 "virginica"
78 6.406 3.089 5.491 1.8 "virginica"
78 5.989 2.998 4.798 1.797 "virginica"
78 6.905 3.108 5.414 2.106 "virginica"
78 6.704 3.109 5.591 2.395 "virginica"
78 6.909 3.096 5.09 2.304 "virginica"
78 5.804 2.698 5.102 1.903 "virginica"
78 6.803 3.215 5.895 2.291 "virginica"
78 6.705 3.299 5.71 2.496 "virginica"
78 6.699 2.994 5.215 2.305 "virginica"
78 6.311 2.507 5.017 1.904 "virginica"
78 6.503 3.014 5.2 1.999 "virginica"
78 6.211 3.398 5.376 2.304 "virginica"
78 5.891 2.987 5.109 1.802 "virginica"
