34 5.102 3.511 1.416 0.2 "setosa"
34 4.895 2.99 1.397 0.211 "setosa"
34 4.721 3.193 1.318 0.191 "setosa"
34 4.612 3.105 1.506 0.201 "setosa"
34 5.002 3.593 1.394 0.211 "setosa"
34 5.385 3.901 1.703 0.398 "setosa"
34 4.604 3.416 1.389 0.285 "setosa"
34 4.983 3.397 1.495 0.209 "setosa"
34 4.403 2.892 1.401 0.201 "setosa"
34 4.897 3.093 1.506 0.102 "setosa"
34 5.386 3.691 1.493 0.195 "setosa"
34 4.789 3.402 1.589 0.208 "setosa"
34 4.794 2.993 1.408 0.101 "setosa"
34 4.306 2.995 1.096 0.097 "setosa"
34 5.796 3.991 1.207 0.206 "setosa"
34 5.718 4.395 1.499 0.41 "setosa"
34 5.395 3.902 1.298 0.412 "setosa"
34 5.097 3.501 1.409 0.291 "setosa"
34 5.689 3.807 1.708 0.305 "setosa"
34 5.093 3.792 1.503 0.312 "setosa"
34 5.406 3.401 1.7 0.203 "setosa"
34 5.105 3.701 1.48 0.399 "setosa"
34 4.6 3.602 0.983 0.215 "setosa"
34 5.102 3.307 1.701 0.487 "setosa"
34 4.807 3.4 1.891 0.21 "setosa"
34 4.997 3.001 1.599 0.207 "setosa"
34 4.994 3.411 1.608 0.387 "setosa"
34 5.195 3.484 1.497 0.197 "setosa"
34 5.195 3.413 1.402 0.205 "setosa"
34 4.694 3.19 1.581 0.198 "setosa"
34 4.804 3.108 1.611 0.207 "setosa"
34 5.4 3.408 1.498 0.399 "setosa"
34 5.195 4.114 1.493 0.093 "setosa"
34 5.49 4.21 1.401 0.212 "setosa"
34 4.893 3.083 1.506 0.208 "setosa"
34 5.006 3.221 1.186 0.202 "setosa"
34 5.493 3.488 1.311 0.199 "setosa"
34 4.892 3.591 1.404 0.111 "setosa"
34 4.403 3.019 1.289 0.19 "setosa"
34 5.093 3.391 1.503 0.191 "setosa"
34 4.986 3.515 1.309 0.315 "setosa"
34 4.502 2.315 1.303 0.306 "setosa"
34 4.408 3.182 1.295 0.202 "setosa"
34 4.993 3.49 1.584 0.597 "setosa"
34 5.109 3.793 1.912 0.411 "setosa"
34 4.812 2.997 1.406 0.305 "setosa"
34 5.102 3.791 1.584 0.213 "setosa"
34 4.591 3.195 1.426 0.21 "setosa"
34 5.307 3.707 1.515 0.194 "setosa"
34 4.996 3.311 1.393 0.207 "setosa"
34 6.993 3.205 4.699 1.402 "versicolor"
34 6.401 3.195 4.487 1.514 "versicolor"
34 6.907 3.116 4.904 1.517 "versicolor"
34 5.52 2.298 3.992 1.282 "versicolor"
34 6.48 2.805 4.598 1.499 "versicolor"
34 5.706 2.806 4.505 1.289 "versicolor"
34 6.303 3.302 4.678 1.601 "versicolor"
34 4.899 2.386 3.319 0.989 "versicolor"
34 6.598 2.898 4.586 1.306 "versicolor"
34 5.196 2.702 3.917 1.392 "versicolor"
34 4.993 2.015 3.495 1.001 "versicolor"
34 5.897 3.004 4.206 1.516 "versicolor"
34 5.987 2.195 3.999 1.007 "versicolor"
34 6.105 2.89 4.693 1.42 "versicolor"
34 5.594 2.892 3.617 1.306 "versicolor"
34 6.711 3.09 4.421 1.4 "versicolor"
34 5.603 2.989 4.487 1.48 "versicolor"
34 5.805 2.705 4.096 1 "versicolor"
34 6.187 2.21 4.518 1.475 "versicolor"
34 5.597 2.503 3.896 1.102 "versicolor"
34 5.908 3.209 4.785 1.804 "versicolor"
34 6.089 2.806 4.009 1.294 "versicolor"
34 6.302 2.479 4.899 1.49 "versicolor"
34 6.094 2.787 4.707 1.209 "versicolor"
34 6.413 2.899 4.293 1.295 "versicolor"
34 6.603 3.004 4.381 1.403 "versicolor"
34 6.783 2.81 4.802 1.385 "versicolor"
34 6.701 3.002 4.998 1.717 "versicolor"
34 6.018 2.894 4.5 1.491 "versicolor"
34 5.717 2.586 3.485 0.996 "versicolor"
34 5.503 2.426 3.796 1.097 "versicolor"
34 5.492 2.397 3.701 1.001 "versicolor"
34 5.8 2.704 3.904 1.206 "versicolor"
34 6.008 2.693 5.122 1.595 "versicolor"
34 5.392 3 4.514 1.493 "versicolor"
34 5.989 3.393 4.489 1.604 "versicolor"
34 6.695 3.078 4.707 1.511 "versicolor"
34 6.311 2.285 4.396 1.3 "versicolor"
34 5.614 2.994 4.089 1.306 "versicolor"
34 5.506 2.503 3.997 1.305 "versicolor"
34 5.514 2.607 4.404 1.191 "versicolor"
34 6.089 2.994 4.614 1.41 "versicolor"
34 5.788 2.597 3.996 1.228 "versicolor"
34 5.01 2.314 3.317 1.004 "versicolor"
34 5.599 2.719 4.181 1.302 "versicolor"
34 5.705 3.003 4.189 1.21 "versicolor"
34 5.687 2.91 4.183 1.308 "versicolor"
34 6.204 2.897 4.289 1.302 "versicolor"
34 5.074 2.489 2.997 1.075 "versicolor"
34 5.709 2.807 4.102 1.293 "versicolor"
34 6.306 3.294 5.999 2.486 "virginica"
34 5.778 2.703 5.116 1.893 "virginica"
34 7.101 2.994 5.909 2.096 "virginica"
34 6.298 2.892 5.607 1.804 "virginica"
34 6.502 3.016 5.792 2.203 "virginica"
34 7.594 2.995 6.613 2.094 "virginica"
34 4.915 2.506 4.49 1.68 "virginica"
34 7.3 2.906 6.289 1.797 "virginica"
34 6.694 2.504 5.8 1.802 "virginica"
34 7.211 3.588 6.096 2.513 "virginica"
34 6.509 3.205 5.104 1.991 "virginica"
34 6.413 2.69 5.293 1.913 "virginica"
34 6.807 3.006 5.497 2.095 "virginica"
34 5.706 2.503 5.006 1.989 "virginica"
34 5.8 2.816 5.109 2.411 "virginica"
34 6.39 3.204 5.306 2.311 "virginica"
34 6.506 3.006 5.504 1.813 "virginica"
34 7.716 3.802 6.708 2.198 "virginica"
34 7.694 2.602 6.891 2.308 "virginica"
34 6.01 2.203 5.007 1.521 "virginica"
34 6.912 3.195 5.694 2.299 "virginica"
34 5.597 2.818 4.887 2.014 "virginica"
34 7.674 2.807 6.683 1.999 "virginica"
34 6.306 2.705 4.886 1.815 "virginica"
34 6.69 3.31 5.702 2.105 "virginica"
34 7.193 3.197 6.002 1.796 "virginica"
34 6.202 2.801 4.791 1.788 "virginica"
34 6.106 3.006 4.904 1.797 "virginica"
34 6.387 2.805 5.598 2.097 "virginica"
34 7.209 2.99 5.809 1.623 "virginica"
34 7.4 2.79 6.093 1.897 "virginica"
34 7.903 3.778 6.385 1.998 "virginica"
34 6.408 2.803 5.608 2.198 "virginica"
34 6.299 2.8 5.095 1.485 "virginica"
34 6.108 2.607 5.598 1.404 "virginica"
34 7.696 2.997 6.105 2.303 "virginica"
34 6.297 3.388 5.611 2.407 "virginica"
34 6.408 3.078 5.487 1.797 "virginica"
34 6.005 2.987 4.813 1.804 "virginica"
34 6.9 3.114 5.395 2.114 "virginica"
34 6.689 3.086 5.597 2.409 "virginica"
34 6.894 3.102 5.085 2.3 "virginica"
34 5.81 2.697 5.096 1.908 "virginica"
34 6.793 3.199 5.892 2.288 "virginica"
34 6.702 3.297 5.684 2.51 "virginica"
34 6.701 2.992 5.189 2.292 "virginica"
34 6.29 2.505 5.018 1.907 "virginica"
34 6.508 3.01 5.197 2.005 "virginica"
34 6.197 3.409 5.39 2.299 "virginica"
34 5.922 2.993 5.086 1.807 "virginica"
