63 5.111 3.507 1.396 0.184 "setosa"
63 4.907 2.992 1.408 0.203 "setosa"
63 4.701 3.212 1.299 0.205 "setosa"
63 4.591 3.1 1.497 0.193 "setosa"
63 5.007 3.601 1.418 0.216 "setosa"
63 5.415 3.862 1.714 0.395 "setosa"
63 4.605 3.387 1.417 0.302 "setosa"
63 4.995 3.39 1.504 0.207 "setosa"
63 4.405 2.902 1.391 0.187 "setosa"
63 4.892 3.094 1.496 0.097 "setosa"
63 5.403 3.693 1.501 0.207 "setosa"
63 4.804 3.401 1.594 0.199 "setosa"
63 4.805 3.021 1.395 0.099 "setosa"
63 4.287 3.004 1.096 0.088 "setosa"
63 5.802 4.016 1.203 0.2 "setosa"
63 5.707 4.398 1.496 0.405 "setosa"
63 5.393 3.894 1.303 0.399 "setosa"
63 5.097 3.495 1.396 0.289 "setosa"
63 5.702 3.807 1.691 0.3 "setosa"
63 5.107 3.805 1.515 0.288 "setosa"
63 5.391 3.397 1.723 0.187 "setosa"
63 5.097 3.7 1.498 0.392 "setosa"
63 4.603 3.599 0.987 0.201 "setosa"
63 5.1 3.298 1.702 0.492 "setosa"
63 4.788 3.395 1.895 0.214 "setosa"
63 4.989 3.015 1.608 0.206 "setosa"
63 4.99 3.394 1.601 0.399 "setosa"
63 5.206 3.51 1.493 0.184 "setosa"
63 5.192 3.388 1.4 0.193 "setosa"
63 4.694 3.187 1.6 0.207 "setosa"
63 4.781 3.095 1.592 0.207 "setosa"
63 5.392 3.399 1.495 0.413 "setosa"
63 5.204 4.089 1.494 0.095 "setosa"
63 5.52 4.181 1.39 0.207 "setosa"
63 4.906 3.084 1.516 0.208 "setosa"
63 5.008 3.198 1.175 0.215 "setosa"
63 5.501 3.475 1.316 0.215 "setosa"
63 4.904 3.593 1.398 0.095 "setosa"
63 4.387 2.994 1.289 0.191 "setosa"
63 5.101 3.389 1.504 0.212 "setosa"
63 5 3.505 1.274 0.294 "setosa"
63 4.499 2.297 1.308 0.29 "setosa"
63 4.399 3.177 1.305 0.206 "setosa"
63 5.012 3.507 1.583 0.582 "setosa"
63 5.09 3.8 1.903 0.385 "setosa"
63 4.806 2.995 1.405 0.297 "setosa"
63 5.114 3.797 1.599 0.206 "setosa"
63 4.596 3.189 1.4 0.213 "setosa"
63 5.294 3.689 1.508 0.206 "setosa"
63 4.999 3.294 1.404 0.189 "setosa"
63 7.015 3.199 4.699 1.405 "versicolor"
63 6.395 3.204 4.512 1.495 "versicolor"
63 6.901 3.116 4.917 1.496 "versicolor"
63 5.496 2.282 4.001 1.305 "versicolor"
63 6.494 2.802 4.585 1.487 "versicolor"
63 5.698 2.801 4.502 1.305 "versicolor"
63 6.305 3.304 4.707 1.609 "versicolor"
63 4.897 2.4 3.302 0.993 "versicolor"
63 6.591 2.905 4.59 1.314 "versicolor"
63 5.199 2.707 3.895 1.392 "versicolor"
63 4.998 1.995 3.492 0.996 "versicolor"
63 5.89 3.017 4.215 1.492 "versicolor"
63 6.003 2.196 3.985 1.007 "versicolor"
63 6.103 2.894 4.699 1.412 "versicolor"
63 5.591 2.915 3.594 1.306 "versicolor"
63 6.7 3.1 4.412 1.396 "versicolor"
63 5.607 3.006 4.486 1.491 "versicolor"
63 5.811 2.703 4.093 0.992 "versicolor"
63 6.206 2.203 4.501 1.498 "versicolor"
63 5.596 2.485 3.883 1.082 "versicolor"
63 5.913 3.21 4.803 1.8 "versicolor"
63 6.087 2.807 4.009 1.285 "versicolor"
63 6.293 2.505 4.916 1.513 "versicolor"
63 6.091 2.806 4.706 1.193 "versicolor"
63 6.394 2.92 4.301 1.306 "versicolor"
63 6.615 2.995 4.394 1.397 "versicolor"
63 6.809 2.808 4.792 1.392 "versicolor"
63 6.698 2.997 5.009 1.704 "versicolor"
63 5.986 2.899 4.499 1.508 "versicolor"
63 5.683 2.587 3.489 1.003 "versicolor"
63 5.491 2.387 3.811 1.105 "versicolor"
63 5.491 2.394 3.677 0.986 "versicolor"
63 5.789 2.675 3.9 1.198 "versicolor"
63 5.992 2.696 5.08 1.582 "versicolor"
63 5.408 2.994 4.512 1.501 "versicolor"
63 5.999 3.401 4.501 1.608 "versicolor"
63 6.693 3.104 4.704 1.506 "versicolor"
63 6.294 2.305 4.399 1.31 "versicolor"
63 5.594 2.991 4.097 1.303 "versicolor"
63 5.51 2.51 3.99 1.294 "versicolor"
63 5.504 2.592 4.391 1.202 "versicolor"
63 6.093 2.99 4.605 1.424 "versicolor"
63 5.798 2.599 3.999 1.192 "versicolor"
63 4.992 2.323 3.312 1.006 "versicolor"
63 5.588 2.707 4.195 1.309 "versicolor"
63 5.706 2.998 4.193 1.202 "versicolor"
63 5.693 2.902 4.231 1.301 "versicolor"
63 6.189 2.912 4.306 1.29 "versicolor"
63 5.102 2.511 2.999 1.099 "versicolor"
63 5.685 2.812 4.119 1.304 "versicolor"
63 6.299 3.317 5.998 2.498 "virginica"
63 5.786 2.722 5.114 1.908 "virginica"
63 7.098 3.012 5.913 2.105 "virginica"
63 6.314 2.898 5.6 1.792 "virginica"
63 6.499 2.99 5.794 2.201 "virginica"
63 7.614 3.008 6.604 2.093 "virginica"
63 4.904 2.491 4.508 1.702 "virginica"
63 7.306 2.894 6.306 1.816 "virginica"
63 6.689 2.503 5.816 1.8 "virginica"
63 7.215 3.61 6.086 2.506 "virginica"
63 6.5 3.209 5.094 1.999 "virginica"
63 6.411 2.709 5.302 1.903 "virginica"
63 6.796 2.992 5.503 2.096 "virginica"
63 5.709 2.508 5.008 2.006 "virginica"
63 5.789 2.796 5.078 2.383 "virginica"
63 6.392 3.205 5.308 2.296 "virginica"
63 6.501 2.985 5.494 1.794 "virginica"
63 7.702 3.819 6.71 2.195 "virginica"
63 7.688 2.594 6.89 2.294 "virginica"
63 6.012 2.227 4.997 1.493 "virginica"
63 6.894 3.199 5.705 2.308 "virginica"
63 5.603 2.798 4.89 1.996 "virginica"
63 7.695 2.783 6.717 1.994 "virginica"
63 6.295 2.691 4.881 1.802 "virginica"
63 6.694 3.288 5.698 2.117 "virginica"
63 7.189 3.206 6.007 1.813 "virginica"
63 6.217 2.819 4.798 1.818 "virginica"
63 6.093 3.006 4.896 1.807 "virginica"
63 6.375 2.79 5.589 2.107 "virginica"
63 7.201 2.984 5.804 1.583 "virginica"
63 7.405 2.804 6.093 1.889 "virginica"
63 7.888 3.815 6.413 1.99 "virginica"
63 6.396 2.799 5.6 2.208 "virginica"
63 6.286 2.811 5.104 1.494 "virginica"
63 6.1 2.614 5.614 1.39 "virginica"
63 7.701 3.017 6.108 2.301 "virginica"
63 6.296 3.392 5.588 2.396 "virginica"
63 6.404 3.091 5.504 1.815 "virginica"
63 6.011 3.007 4.792 1.8 "virginica"
63 6.903 3.085 5.388 2.113 "virginica"
63 6.697 3.088 5.584 2.374 "virginica"
63 6.888 3.106 5.095 2.32 "virginica"
63 5.8 2.688 5.111 1.906 "virginica"
63 6.822 3.192 5.913 2.28 "virginica"
63 6.693 3.305 5.71 2.496 "virginica"
63 6.707 2.994 5.202 2.307 "virginica"
63 6.279 2.488 5.001 1.902 "virginica"
63 6.504 3.003 5.212 2.007 "virginica"
63 6.198 3.399 5.389 2.289 "virginica"
63 5.917 3.015 5.093 1.808 "virginica"
