70 5.113 3.523 1.4 0.22 "setosa"
70 4.919 3.011 1.384 0.203 "setosa"
70 4.701 3.199 1.31 0.187 "setosa"
70 4.591 3.09 1.496 0.205 "setosa"
70 5.011 3.608 1.393 0.195 "setosa"
70 5.405 3.896 1.702 0.395 "setosa"
70 4.597 3.397 1.396 0.302 "setosa"
70 5.018 3.408 1.521 0.202 "setosa"
70 4.398 2.909 1.398 0.189 "setosa"
70 4.906 3.106 1.501 0.099 "setosa"
70 5.403 3.702 1.507 0.202 "setosa"
70 4.796 3.411 1.594 0.199 "setosa"
70 4.802 3.018 1.394 0.099 "setosa"
70 4.288 2.995 1.107 0.102 "setosa"
70 5.786 4.002 1.193 0.197 "setosa"
70 5.696 4.396 1.494 0.401 "setosa"
70 5.425 3.893 1.293 0.41 "setosa"
70 5.091 3.492 1.402 0.303 "setosa"
70 5.685 3.816 1.69 0.299 "setosa"
70 5.082 3.802 1.502 0.306 "setosa"
70 5.403 3.396 1.71 0.195 "setosa"
70 5.095 3.678 1.509 0.392 "setosa"
70 4.603 3.595 0.995 0.207 "setosa"
70 5.114 3.308 1.7 0.505 "setosa"
70 4.798 3.394 1.89 0.2 "setosa"
70 5.011 3.002 1.609 0.202 "setosa"
70 4.983 3.401 1.606 0.405 "setosa"
70 5.19 3.51 1.513 0.204 "setosa"
70 5.21 3.393 1.407 0.189 "setosa"
70 4.698 3.201 1.603 0.2 "setosa"
70 4.791 3.113 1.587 0.194 "setosa"
70 5.4 3.404 1.498 0.397 "setosa"
70 5.199 4.079 1.505 0.108 "setosa"
70 5.496 4.206 1.415 0.18 "setosa"
70 4.903 3.102 1.513 0.189 "setosa"
70 5.014 3.204 1.206 0.203 "setosa"
70 5.494 3.516 1.316 0.205 "setosa"
70 4.911 3.608 1.407 0.112 "setosa"
70 4.415 2.982 1.294 0.18 "setosa"
70 5.097 3.406 1.505 0.189 "setosa"
70 4.991 3.501 1.293 0.31 "setosa"
70 4.511 2.308 1.304 0.293 "setosa"
70 4.423 3.196 1.305 0.183 "setosa"
70 4.994 3.492 1.602 0.598 "setosa"
70 5.119 3.801 1.896 0.396 "setosa"
70 4.794 2.987 1.405 0.297 "setosa"
70 5.088 3.802 1.604 0.184 "setosa"
70 4.588 3.193 1.398 0.187 "setosa"
70 5.297 3.712 1.503 0.199 "setosa"
70 4.993 3.292 1.399 0.213 "setosa"
70 6.989 3.19 4.695 1.399 "versicolor"
70 6.391 3.207 4.514 1.479 "versicolor"
70 6.894 3.084 4.911 1.514 "versicolor"
70 5.508 2.316 4.007 1.291 "versicolor"
70 6.504 2.808 4.61 1.506 "versicolor"
70 5.7 2.795 4.496 1.295 "versicolor"
70 6.295 3.295 4.71 1.621 "versicolor"
70 4.889 2.413 3.303 0.996 "versicolor"
70 6.623 2.902 4.609 1.287 "versicolor"
70 5.199 2.706 3.894 1.414 "versicolor"
70 5.002 1.972 3.5 0.987 "versicolor"
70 5.898 3.014 4.2 1.505 "versicolor"
70 5.998 2.197 4.006 1.005 "versicolor"
70 6.098 2.909 4.705 1.389 "versicolor"
70 5.6 2.933 3.596 1.302 "versicolor"
70 6.717 3.093 4.41 1.405 "versicolor"
70 5.61 3.003 4.513 1.5 "versicolor"
70 5.784 2.681 4.091 1.003 "versicolor"
70 6.197 2.201 4.49 1.497 "versicolor"
70 5.593 2.481 3.891 1.104 "versicolor"
70 5.877 3.222 4.782 1.809 "versicolor"
70 6.099 2.803 3.995 1.293 "versicolor"
70 6.279 2.483 4.892 1.497 "versicolor"
70 6.102 2.816 4.705 1.189 "versicolor"
70 6.394 2.897 4.298 1.294 "versicolor"
70 6.597 3.021 4.393 1.4 "versicolor"
70 6.814 2.823 4.814 1.417 "versicolor"
70 6.719 2.999 5.007 1.695 "versicolor"
70 6.007 2.905 4.499 1.502 "versicolor"
70 5.708 2.599 3.507 0.998 "versicolor"
70 5.497 2.392 3.814 1.106 "versicolor"
70 5.504 2.403 3.7 1 "versicolor"
70 5.804 2.709 3.897 1.213 "versicolor"
70 5.993 2.7 5.106 1.603 "versicolor"
70 5.383 3.002 4.501 1.516 "versicolor"
70 6.005 3.414 4.484 1.589 "versicolor"
70 6.711 3.102 4.707 1.499 "versicolor"
70 6.309 2.303 4.402 1.303 "versicolor"
70 5.609 2.993 4.095 1.292 "versicolor"
70 5.494 2.504 3.997 1.287 "versicolor"
70 5.498 2.595 4.405 1.206 "versicolor"
70 6.1 2.983 4.583 1.374 "versicolor"
70 5.789 2.584 4.01 1.202 "versicolor"
70 5.003 2.303 3.294 0.986 "versicolor"
70 5.604 2.697 4.205 1.318 "versicolor"
70 5.695 2.987 4.226 1.191 "versicolor"
70 5.68 2.912 4.216 1.318 "versicolor"
70 6.211 2.911 4.296 1.308 "versicolor"
70 5.095 2.491 3.006 1.11 "versicolor"
70 5.694 2.81 4.108 1.303 "versicolor"
70 6.296 3.289 6.02 2.505 "virginica"
70 5.813 2.734 5.114 1.897 "virginica"
70 7.12 3.016 5.885 2.092 "virginica"
70 6.289 2.927 5.595 1.787 "virginica"
70 6.51 3.01 5.813 2.196 "virginica"
70 7.605 2.997 6.591 2.109 "virginica"
70 4.897 2.511 4.499 1.695 "virginica"
70 7.301 2.877 6.309 1.793 "virginica"
70 6.711 2.488 5.808 1.796 "virginica"
70 7.203 3.604 6.107 2.491 "virginica"
70 6.515 3.198 5.12 2.006 "virginica"
70 6.397 2.688 5.307 1.912 "virginica"
70 6.797 2.991 5.5 2.112 "virginica"
70 5.687 2.489 4.995 2.008 "virginica"
70 5.799 2.803 5.093 2.394 "virginica"
70 6.393 3.208 5.291 2.288 "virginica"
70 6.501 2.996 5.503 1.797 "virginica"
70 7.699 3.772 6.695 2.2 "virginica"
70 7.715 2.596 6.896 2.294 "virginica"
70 5.991 2.212 4.992 1.51 "virginica"
70 6.9 3.189 5.696 2.309 "virginica"
70 5.6 2.794 4.896 2.002 "virginica"
70 7.675 2.812 6.705 2.007 "virginica"
70 6.284 2.714 4.891 1.795 "virginica"
70 6.718 3.293 5.677 2.095 "virginica"
70 7.2 3.201 6.009 1.815 "virginica"
70 6.213 2.784 4.813 1.792 "virginica"
70 6.086 2.992 4.901 1.797 "virginica"
70 6.409 2.796 5.611 2.101 "virginica"
70 7.2 3.021 5.809 1.595 "virginica"
70 7.395 2.804 6.09 1.912 "virginica"
70 7.901 3.804 6.395 2.004 "virginica"
70 6.399 2.803 5.595 2.197 "virginica"
70 6.291 2.809 5.097 1.502 "virginica"
70 6.1 2.593 5.612 1.403 "virginica"
70 7.704 3.003 6.109 2.304 "virginica"
70 6.292 3.403 5.606 2.396 "virginica"
70 6.41 3.087 5.499 1.797 "virginica"
70 5.99 3.006 4.797 1.809 "virginica"
70 6.89 3.099 5.413 2.098 "virginica"
70 6.71 3.087 5.593 2.393 "virginica"
70 6.893 3.087 5.113 2.316 "virginica"
70 5.793 2.694 5.111 1.914 "virginica"
70 6.821 3.202 5.893 2.298 "virginica"
70 6.718 3.3 5.702 2.503 "virginica"
70 6.678 2.993 5.186 2.29 "virginica"
70 6.321 2.496 4.989 1.898 "virginica"
70 6.497 2.978 5.199 2.009 "virginica"
70 6.187 3.391 5.423 2.283 "virginica"
70 5.898 3.005 5.087 1.806 "virginica"
