68 5.12 3.487 1.392 0.208 "setosa"
68 4.912 3 1.392 0.205 "setosa"
68 4.713 3.193 1.31 0.215 "setosa"
68 4.604 3.115 1.512 0.188 "setosa"
68 4.982 3.589 1.403 0.203 "setosa"
68 5.393 3.88 1.695 0.409 "setosa"
68 4.605 3.401 1.403 0.288 "setosa"
68 5.005 3.381 1.502 0.215 "setosa"
68 4.397 2.894 1.398 0.193 "setosa"
68 4.914 3.091 1.506 0.104 "setosa"
68 5.398 3.681 1.515 0.223 "setosa"
68 4.805 3.403 1.598 0.21 "setosa"
68 4.802 2.986 1.405 0.098 "setosa"
68 4.303 3.005 1.098 0.114 "setosa"
68 5.791 4.012 1.204 0.2 "setosa"
68 5.72 4.394 1.496 0.406 "setosa"
68 5.396 3.895 1.294 0.389 "setosa"
68 5.098 3.497 1.395 0.298 "setosa"
68 5.705 3.806 1.674 0.299 "setosa"
68 5.088 3.801 1.511 0.319 "setosa"
68 5.398 3.411 1.712 0.189 "setosa"
68 5.089 3.708 1.522 0.392 "setosa"
68 4.601 3.608 1.001 0.182 "setosa"
68 5.106 3.305 1.698 0.5 "setosa"
68 4.798 3.398 1.891 0.201 "setosa"
68 4.989 2.992 1.595 0.195 "setosa"
68 4.986 3.397 1.588 0.393 "setosa"
68 5.216 3.515 1.491 0.227 "setosa"
68 5.203 3.402 1.382 0.188 "setosa"
68 4.689 3.196 1.595 0.187 "setosa"
68 4.81 3.083 1.591 0.192 "setosa"
68 5.401 3.395 1.506 0.409 "setosa"
68 5.184 4.11 1.487 0.091 "setosa"
68 5.494 4.202 1.396 0.183 "setosa"
68 4.9 3.098 1.508 0.207 "setosa"
68 5.001 3.199 1.218 0.205 "setosa"
68 5.512 3.497 1.288 0.208 "setosa"
68 4.873 3.583 1.39 0.093 "setosa"
68 4.397 2.981 1.286 0.198 "setosa"
68 5.107 3.409 1.507 0.207 "setosa"
68 4.99 3.495 1.304 0.292 "setosa"
68 4.509 2.309 1.307 0.299 "setosa"
68 4.391 3.195 1.3 0.2 "setosa"
68 5.01 3.489 1.583 0.609 "setosa"
68 5.105 3.79 1.891 0.401 "setosa"
68 4.795 2.975 1.409 0.302 "setosa"
68 5.103 3.798 1.602 0.192 "setosa"
68 4.635 3.195 1.412 0.225 "setosa"
68 5.289 3.722 1.508 0.205 "setosa"
68 5.016 3.302 1.406 0.19 "setosa"
68 6.995 3.2 4.692 1.391 "versicolor"
68 6.39 3.195 4.497 1.512 "versicolor"
68 6.917 3.088 4.902 1.521 "versicolor"
68 5.496 2.296 3.998 1.304 "versicolor"
68 6.491 2.806 4.598 1.513 "versicolor"
68 5.705 2.798 4.497 1.295 "versicolor"
68 6.295 3.286 4.712 1.608 "versicolor"
68 4.902 2.389 3.308 1.008 "versicolor"
68 6.602 2.908 4.6 1.302 "versicolor"
68 5.197 2.699 3.909 1.411 "versicolor"
68 5.002 1.989 3.489 1.002 "versicolor"
68 5.902 3.004 4.195 1.507 "versicolor"
68 5.996 2.206 3.987 1.011 "versicolor"
68 6.093 2.89 4.699 1.396 "versicolor"
68 5.586 2.898 3.597 1.291 "versicolor"
68 6.698 3.103 4.404 1.404 "versicolor"
68 5.605 2.999 4.493 1.506 "versicolor"
68 5.813 2.716 4.117 1.001 "versicolor"
68 6.201 2.212 4.528 1.503 "versicolor"
68 5.609 2.494 3.906 1.105 "versicolor"
68 5.905 3.205 4.793 1.819 "versicolor"
68 6.095 2.801 3.996 1.296 "versicolor"
68 6.289 2.496 4.901 1.508 "versicolor"
68 6.104 2.824 4.688 1.193 "versicolor"
68 6.408 2.909 4.305 1.305 "versicolor"
68 6.609 2.995 4.394 1.413 "versicolor"
68 6.797 2.819 4.79 1.382 "versicolor"
68 6.694 3 5.017 1.687 "versicolor"
68 5.992 2.894 4.507 1.505 "versicolor"
68 5.715 2.6 3.495 1.008 "versicolor"
68 5.485 2.396 3.789 1.101 "versicolor"
68 5.502 2.39 3.706 1.004 "versicolor"
68 5.786 2.707 3.907 1.206 "versicolor"
68 5.998 2.688 5.095 1.593 "versicolor"
68 5.392 2.981 4.497 1.481 "versicolor"
68 5.989 3.401 4.481 1.6 "versicolor"
68 6.703 3.104 4.711 1.515 "versicolor"
68 6.274 2.297 4.403 1.28 "versicolor"
68 5.589 3.02 4.104 1.291 "versicolor"
68 5.503 2.51 4.002 1.29 "versicolor"
68 5.492 2.593 4.392 1.186 "versicolor"
68 6.104 2.997 4.607 1.364 "versicolor"
68 5.793 2.61 4 1.206 "versicolor"
68 4.994 2.313 3.3 1.005 "versicolor"
68 5.621 2.687 4.184 1.31 "versicolor"
68 5.707 2.978 4.192 1.193 "versicolor"
68 5.703 2.899 4.214 1.303 "versicolor"
68 6.206 2.899 4.305 1.311 "versicolor"
68 5.093 2.499 2.999 1.118 "versicolor"
68 5.701 2.825 4.096 1.308 "versicolor"
68 6.296 3.299 6.007 2.506 "virginica"
68 5.82 2.703 5.097 1.907 "virginica"
68 7.081 2.992 5.893 2.08 "virginica"
68 6.31 2.92 5.597 1.805 "virginica"
68 6.489 2.987 5.794 2.194 "virginica"
68 7.578 2.989 6.584 2.083 "virginica"
68 4.902 2.515 4.505 1.727 "virginica"
68 7.306 2.908 6.285 1.814 "virginica"
68 6.709 2.496 5.792 1.785 "virginica"
68 7.232 3.589 6.101 2.502 "virginica"
68 6.493 3.2 5.107 2.004 "virginica"
68 6.407 2.693 5.302 1.909 "virginica"
68 6.795 2.997 5.514 2.101 "virginica"
68 5.688 2.491 5.002 1.991 "virginica"
68 5.811 2.788 5.105 2.398 "virginica"
68 6.396 3.189 5.302 2.314 "virginica"
68 6.501 3.004 5.486 1.796 "virginica"
68 7.708 3.784 6.686 2.198 "virginica"
68 7.688 2.602 6.91 2.303 "virginica"
68 6.011 2.215 4.998 1.49 "virginica"
68 6.898 3.192 5.702 2.298 "virginica"
68 5.599 2.801 4.913 1.986 "virginica"
68 7.706 2.801 6.699 1.998 "virginica"
68 6.294 2.705 4.905 1.801 "virginica"
68 6.722 3.303 5.706 2.115 "virginica"
68 7.198 3.192 6.014 1.792 "virginica"
68 6.195 2.78 4.806 1.802 "virginica"
68 6.102 3.001 4.908 1.801 "virginica"
68 6.388 2.813 5.617 2.104 "virginica"
68 7.189 3.004 5.799 1.617 "virginica"
68 7.403 2.795 6.106 1.901 "virginica"
68 7.896 3.791 6.42 2.008 "virginica"
68 6.409 2.788 5.592 2.208 "virginica"
68 6.318 2.805 5.114 1.5 "virginica"
68 6.13 2.6 5.603 1.396 "virginica"
68 7.693 3.019 6.112 2.305 "virginica"
68 6.28 3.398 5.614 2.42 "virginica"
68 6.393 3.108 5.49 1.815 "virginica"
68 5.993 2.998 4.825 1.798 "virginica"
68 6.886 3.112 5.411 2.108 "virginica"
68 6.719 3.108 5.6 2.403 "virginica"
68 6.898 3.112 5.089 2.297 "virginica"
68 5.8 2.691 5.094 1.896 "virginica"
68 6.783 3.188 5.9 2.301 "virginica"
68 6.681 3.32 5.702 2.503 "virginica"
68 6.69 3.007 5.198 2.306 "virginica"
68 6.318 2.508 4.987 1.922 "virginica"
68 6.488 2.99 5.22 1.989 "virginica"
68 6.2 3.403 5.42 2.296 "virginica"
68 5.902 3.004 5.098 1.795 "virginica"
