19 5.101 3.502 1.392 0.206 "setosa"
19 4.894 3.002 1.395 0.191 "setosa"
19 4.698 3.205 1.291 0.189 "setosa"
19 4.597 3.095 1.497 0.216 "setosa"
19 4.986 3.585 1.394 0.192 "setosa"
19 5.403 3.909 1.692 0.388 "setosa"
19 4.613 3.412 1.421 0.311 "setosa"
19 5.004 3.394 1.497 0.171 "setosa"
19 4.405 2.896 1.393 0.202 "setosa"
19 4.895 3.094 1.485 0.084 "setosa"
19 5.401 3.7 1.5 0.206 "setosa"
19 4.798 3.389 1.601 0.195 "setosa"
19 4.797 3.001 1.396 0.101 "setosa"
19 4.313 3 1.104 0.108 "setosa"
19 5.795 3.991 1.193 0.2 "setosa"
19 5.697 4.402 1.5 0.382 "setosa"
19 5.396 3.897 1.296 0.405 "setosa"
19 5.095 3.492 1.409 0.303 "setosa"
19 5.688 3.807 1.696 0.3 "setosa"
19 5.109 3.828 1.486 0.299 "setosa"
19 5.396 3.389 1.697 0.195 "setosa"
19 5.096 3.701 1.494 0.415 "setosa"
19 4.603 3.606 1.001 0.165 "setosa"
19 5.093 3.278 1.703 0.478 "setosa"
19 4.805 3.39 1.901 0.198 "setosa"
19 5 2.992 1.591 0.183 "setosa"
19 5.002 3.402 1.592 0.404 "setosa"
19 5.183 3.499 1.478 0.2 "setosa"
19 5.208 3.392 1.41 0.223 "setosa"
19 4.689 3.195 1.594 0.198 "setosa"
19 4.796 3.081 1.611 0.202 "setosa"
19 5.394 3.397 1.495 0.403 "setosa"
19 5.202 4.097 1.505 0.105 "setosa"
19 5.516 4.206 1.389 0.218 "setosa"
19 4.891 3.104 1.509 0.194 "setosa"
19 4.999 3.203 1.204 0.2 "setosa"
19 5.513 3.496 1.317 0.196 "setosa"
19 4.896 3.603 1.397 0.105 "setosa"
19 4.402 3.005 1.293 0.209 "setosa"
19 5.093 3.404 1.502 0.193 "setosa"
19 4.999 3.514 1.299 0.299 "setosa"
19 4.52 2.3 1.302 0.307 "setosa"
19 4.392 3.185 1.29 0.19 "setosa"
19 4.995 3.514 1.593 0.616 "setosa"
19 5.112 3.786 1.882 0.406 "setosa"
19 4.786 3.003 1.389 0.289 "setosa"
19 5.094 3.792 1.588 0.195 "setosa"
19 4.617 3.198 1.411 0.199 "setosa"
19 5.283 3.695 1.509 0.206 "setosa"
19 5.003 3.27 1.389 0.207 "setosa"
19 7 3.206 4.689 1.397 "versicolor"
19 6.393 3.189 4.477 1.495 "versicolor"
19 6.901 3.102 4.9 1.484 "versicolor"
19 5.49 2.295 3.993 1.286 "versicolor"
19 6.498 2.801 4.602 1.496 "versicolor"
19 5.694 2.798 4.497 1.287 "versicolor"
19 6.279 3.291 4.696 1.611 "versicolor"
19 4.897 2.418 3.299 0.984 "versicolor"
19 6.586 2.895 4.602 1.295 "versicolor"
19 5.192 2.702 3.894 1.401 "versicolor"
19 4.993 2.01 3.513 1.013 "versicolor"
19 5.909 2.987 4.208 1.495 "versicolor"
19 6.012 2.206 4.006 1.003 "versicolor"
19 6.126 2.903 4.699 1.394 "versicolor"
19 5.613 2.905 3.592 1.291 "versicolor"
19 6.699 3.101 4.391 1.39 "versicolor"
19 5.598 2.979 4.502 1.475 "versicolor"
19 5.817 2.697 4.107 1 "versicolor"
19 6.199 2.197 4.494 1.505 "versicolor"
19 5.597 2.477 3.875 1.105 "versicolor"
19 5.894 3.2 4.776 1.791 "versicolor"
19 6.103 2.803 4 1.304 "versicolor"
19 6.291 2.508 4.901 1.501 "versicolor"
19 6.116 2.783 4.701 1.199 "versicolor"
19 6.398 2.906 4.285 1.295 "versicolor"
19 6.603 3.003 4.401 1.388 "versicolor"
19 6.796 2.798 4.793 1.407 "versicolor"
19 6.701 2.984 4.993 1.68 "versicolor"
19 5.999 2.906 4.485 1.51 "versicolor"
19 5.698 2.58 3.499 1.009 "versicolor"
19 5.495 2.411 3.799 1.102 "versicolor"
19 5.505 2.388 3.689 1.006 "versicolor"
19 5.798 2.701 3.9 1.174 "versicolor"
19 5.995 2.715 5.105 1.592 "versicolor"
19 5.4 2.988 4.492 1.507 "versicolor"
19 5.998 3.385 4.493 1.609 "versicolor"
19 6.705 3.113 4.677 1.495 "versicolor"
19 6.3 2.296 4.414 1.307 "versicolor"
19 5.591 3.016 4.095 1.308 "versicolor"
19 5.496 2.494 3.98 1.299 "versicolor"
19 5.475 2.598 4.4 1.193 "versicolor"
19 6.1 2.999 4.581 1.404 "versicolor"
19 5.786 2.606 3.985 1.201 "versicolor"
19 4.98 2.297 3.309 1.001 "versicolor"
19 5.591 2.678 4.199 1.305 "versicolor"
19 5.691 3.005 4.194 1.191 "versicolor"
19 5.691 2.9 4.203 1.305 "versicolor"
19 6.209 2.904 4.288 1.293 "versicolor"
19 5.087 2.493 2.995 1.112 "versicolor"
19 5.704 2.791 4.111 1.319 "versicolor"
19 6.298 3.285 6.009 2.49 "virginica"
19 5.783 2.696 5.091 1.917 "virginica"
19 7.1 3.006 5.91 2.11 "virginica"
19 6.305 2.902 5.604 1.797 "virginica"
19 6.509 3.002 5.783 2.202 "virginica"
19 7.602 3.009 6.594 2.09 "virginica"
19 4.889 2.497 4.505 1.706 "virginica"
19 7.3 2.886 6.31 1.805 "virginica"
19 6.697 2.498 5.78 1.801 "virginica"
19 7.198 3.612 6.104 2.521 "virginica"
19 6.489 3.207 5.105 1.995 "virginica"
19 6.393 2.704 5.306 1.888 "virginica"
19 6.786 3.004 5.494 2.103 "virginica"
19 5.696 2.499 5.008 2.006 "virginica"
19 5.806 2.813 5.106 2.407 "virginica"
19 6.414 3.217 5.28 2.299 "virginica"
19 6.487 2.998 5.488 1.81 "virginica"
19 7.728 3.808 6.704 2.199 "virginica"
19 7.693 2.597 6.908 2.305 "virginica"
19 6.004 2.212 5.005 1.516 "virginica"
19 6.904 3.213 5.698 2.292 "virginica"
19 5.6 2.787 4.915 1.997 "virginica"
19 7.697 2.814 6.69 2.006 "virginica"
19 6.278 2.694 4.894 1.82 "virginica"
19 6.705 3.302 5.696 2.088 "virginica"
19 7.185 3.199 6.015 1.818 "virginica"
19 6.211 2.807 4.816 1.796 "virginica"
19 6.103 3.011 4.898 1.806 "virginica"
19 6.416 2.8 5.615 2.111 "virginica"
19 7.191 2.981 5.805 1.598 "virginica"
19 7.403 2.789 6.113 1.909 "virginica"
19 7.883 3.8 6.404 2.012 "virginica"
19 6.395 2.779 5.596 2.208 "virginica"
19 6.31 2.808 5.086 1.496 "virginica"
19 6.076 2.603 5.622 1.4 "virginica"
19 7.699 3 6.088 2.29 "virginica"
19 6.306 3.405 5.584 2.406 "virginica"
19 6.402 3.104 5.488 1.793 "virginica"
19 6.016 2.987 4.792 1.806 "virginica"
19 6.907 3.093 5.391 2.11 "virginica"
19 6.705 3.095 5.599 2.399 "virginica"
19 6.887 3.097 5.112 2.297 "virginica"
19 5.816 2.703 5.099 1.892 "virginica"
19 6.809 3.207 5.894 2.316 "virginica"
19 6.7 3.288 5.692 2.5 "virginica"
19 6.719 2.996 5.197 2.287 "virginica"
19 6.312 2.49 5.01 1.897 "virginica"
19 6.507 2.99 5.2 2.003 "virginica"
19 6.207 3.405 5.409 2.276 "virginica"
19 5.911 3.01 5.091 1.786 "virginica"
