11 5.102 3.512 1.404 0.203 "setosa"
11 4.891 3.023 1.404 0.19 "setosa"
11 4.696 3.212 1.308 0.196 "setosa"
11 4.602 3.105 1.492 0.2 "setosa"
11 5.02 3.587 1.402 0.198 "setosa"
11 5.402 3.901 1.691 0.418 "setosa"
11 4.615 3.403 1.389 0.3 "setosa"
11 4.991 3.415 1.495 0.194 "setosa"
11 4.385 2.891 1.391 0.184 "setosa"
11 4.925 3.09 1.486 0.102 "setosa"
11 5.397 3.708 1.496 0.206 "setosa"
11 4.789 3.388 1.599 0.186 "setosa"
11 4.818 3 1.42 0.105 "setosa"
11 4.312 2.998 1.11 0.102 "setosa"
11 5.803 4.006 1.201 0.191 "setosa"
11 5.678 4.403 1.489 0.41 "setosa"
11 5.402 3.902 1.314 0.402 "setosa"
11 5.1 3.508 1.417 0.301 "setosa"
11 5.697 3.803 1.7 0.296 "setosa"
11 5.107 3.816 1.502 0.291 "setosa"
11 5.395 3.386 1.698 0.205 "setosa"
11 5.106 3.696 1.507 0.4 "setosa"
11 4.579 3.598 0.994 0.176 "setosa"
11 5.097 3.281 1.7 0.485 "setosa"
11 4.805 3.399 1.897 0.186 "setosa"
11 4.986 2.993 1.611 0.192 "setosa"
11 4.992 3.409 1.598 0.388 "setosa"
11 5.21 3.5 1.496 0.194 "setosa"
11 5.187 3.387 1.411 0.195 "setosa"
11 4.704 3.199 1.601 0.197 "setosa"
11 4.798 3.086 1.598 0.215 "setosa"
11 5.426 3.4 1.48 0.402 "setosa"
11 5.2 4.115 1.493 0.091 "setosa"
11 5.508 4.182 1.382 0.194 "setosa"
11 4.898 3.105 1.501 0.204 "setosa"
11 4.999 3.195 1.204 0.203 "setosa"
11 5.496 3.505 1.307 0.184 "setosa"
11 4.892 3.604 1.384 0.099 "setosa"
11 4.413 3.009 1.315 0.185 "setosa"
11 5.095 3.41 1.511 0.209 "setosa"
11 5.013 3.498 1.293 0.278 "setosa"
11 4.529 2.299 1.307 0.29 "setosa"
11 4.414 3.189 1.298 0.192 "setosa"
11 5.006 3.496 1.599 0.614 "setosa"
11 5.094 3.811 1.907 0.403 "setosa"
11 4.791 3.01 1.404 0.298 "setosa"
11 5.101 3.806 1.604 0.181 "setosa"
11 4.564 3.2 1.399 0.201 "setosa"
11 5.305 3.695 1.491 0.201 "setosa"
11 4.986 3.294 1.398 0.185 "setosa"
11 7.002 3.197 4.7 1.409 "versicolor"
11 6.395 3.185 4.517 1.503 "versicolor"
11 6.899 3.106 4.891 1.504 "versicolor"
11 5.5 2.3 3.986 1.292 "versicolor"
11 6.5 2.79 4.596 1.488 "versicolor"
11 5.721 2.801 4.496 1.299 "versicolor"
11 6.298 3.313 4.703 1.606 "versicolor"
11 4.888 2.398 3.3 0.996 "versicolor"
11 6.602 2.911 4.6 1.292 "versicolor"
11 5.185 2.71 3.881 1.393 "versicolor"
11 5.014 1.998 3.477 1.011 "versicolor"
11 5.904 2.997 4.19 1.509 "versicolor"
11 6.013 2.209 3.995 1.007 "versicolor"
11 6.092 2.907 4.692 1.396 "versicolor"
11 5.596 2.916 3.6 1.305 "versicolor"
11 6.703 3.097 4.388 1.401 "versicolor"
11 5.599 2.998 4.481 1.49 "versicolor"
11 5.787 2.721 4.1 0.987 "versicolor"
11 6.197 2.185 4.508 1.492 "versicolor"
11 5.59 2.507 3.904 1.09 "versicolor"
11 5.892 3.209 4.795 1.793 "versicolor"
11 6.094 2.818 4 1.299 "versicolor"
11 6.287 2.484 4.914 1.49 "versicolor"
11 6.114 2.804 4.677 1.201 "versicolor"
11 6.396 2.893 4.289 1.303 "versicolor"
11 6.606 3.014 4.381 1.402 "versicolor"
11 6.804 2.81 4.794 1.413 "versicolor"
11 6.7 3.008 5.013 1.697 "versicolor"
11 6.008 2.898 4.51 1.512 "versicolor"
11 5.7 2.607 3.496 1.002 "versicolor"
11 5.508 2.411 3.802 1.097 "versicolor"
11 5.52 2.392 3.701 1.005 "versicolor"
11 5.791 2.699 3.897 1.185 "versicolor"
11 5.988 2.689 5.109 1.602 "versicolor"
11 5.405 3.013 4.509 1.5 "versicolor"
11 5.997 3.391 4.512 1.605 "versicolor"
11 6.678 3.092 4.705 1.513 "versicolor"
11 6.306 2.306 4.418 1.287 "versicolor"
11 5.623 3.022 4.098 1.297 "versicolor"
11 5.491 2.505 4.011 1.309 "versicolor"
11 5.496 2.598 4.396 1.199 "versicolor"
11 6.09 3.003 4.602 1.412 "versicolor"
11 5.803 2.604 4.002 1.187 "versicolor"
11 5 2.313 3.288 0.996 "versicolor"
11 5.606 2.706 4.21 1.297 "versicolor"
11 5.708 3.004 4.2 1.188 "versicolor"
11 5.724 2.895 4.19 1.31 "versicolor"
11 6.208 2.899 4.312 1.292 "versicolor"
11 5.105 2.501 3.011 1.105 "versicolor"
11 5.706 2.809 4.087 1.299 "versicolor"
11 6.312 3.3 5.991 2.506 "virginica"
11 5.805 2.692 5.108 1.89 "virginica"
11 7.114 3.012 5.929 2.085 "virginica"
11 6.293 2.894 5.584 1.802 "virginica"
11 6.506 2.999 5.807 2.202 "virginica"
11 7.594 3.005 6.612 2.1 "virginica"
11 4.885 2.492 4.513 1.687 "virginica"
11 7.309 2.898 6.321 1.798 "virginica"
11 6.694 2.51 5.787 1.804 "virginica"
11 7.224 3.597 6.107 2.515 "virginica"
11 6.474 3.213 5.112 2.006 "virginica"
11 6.406 2.687 5.316 1.881 "virginica"
11 6.81 2.996 5.47 2.086 "virginica"
11 5.685 2.484 5.003 2.001 "virginica"
11 5.785 2.801 5.112 2.393 "virginica"
11 6.4 3.211 5.304 2.293 "virginica"
11 6.499 3.004 5.498 1.792 "virginica"
11 7.698 3.79 6.699 2.206 "virginica"
11 7.692 2.605 6.9 2.318 "virginica"
11 6.006 2.217 5.002 1.504 "virginica"
11 6.906 3.216 5.711 2.301 "virginica"
11 5.598 2.789 4.907 2.009 "virginica"
11 7.684 2.817 6.708 1.995 "virginica"
11 6.298 2.7 4.897 1.783 "virginica"
11 6.679 3.292 5.715 2.093 "virginica"
11 7.189 3.212 6.015 1.799 "virginica"
11 6.195 2.799 4.812 1.814 "virginica"
11 6.101 3.001 4.889 1.791 "virginica"
11 6.398 2.795 5.603 2.115 "virginica"
11 7.203 2.991 5.815 1.61 "virginica"
11 7.404 2.825 6.12 1.894 "virginica"
11 7.907 3.809 6.403 2.017 "virginica"
11 6.383 2.782 5.586 2.2 "virginica"
11 6.29 2.799 5.101 1.503 "virginica"
11 6.095 2.609 5.607 1.386 "virginica"
11 7.672 3.019 6.09 2.309 "virginica"
11 6.283 3.392 5.596 2.406 "virginica"
11 6.429 3.097 5.488 1.809 "virginica"
11 5.991 3.011 4.778 1.796 "virginica"
11 6.906 3.099 5.392 2.104 "virginica"
11 6.694 3.098 5.595 2.397 "virginica"
11 6.896 3.106 5.098 2.295 "virginica"
11 5.783 2.687 5.116 1.905 "virginica"
11 6.805 3.183 5.893 2.308 "virginica"
11 6.701 3.321 5.718 2.5 "virginica"
11 6.694 2.997 5.195 2.303 "virginica"
11 6.296 2.477 4.994 1.899 "virginica"
11 6.505 2.989 5.195 2.002 "virginica"
11 6.214 3.408 5.401 2.302 "virginica"
11 5.888 2.996 5.099 1.8 "virginica"
