64 5.109 3.496 1.384 0.203 "setosa"
64 4.906 3.01 1.396 0.204 "setosa"
64 4.712 3.201 1.304 0.204 "setosa"
64 4.593 3.094 1.498 0.174 "setosa"
64 4.994 3.606 1.397 0.208 "setosa"
64 5.401 3.903 1.704 0.391 "setosa"
64 4.602 3.403 1.397 0.306 "setosa"
64 5.002 3.393 1.491 0.208 "setosa"
64 4.398 2.886 1.396 0.201 "setosa"
64 4.896 3.096 1.494 0.1 "setosa"
64 5.409 3.686 1.502 0.202 "setosa"
64 4.795 3.386 1.604 0.206 "setosa"
64 4.793 2.997 1.407 0.088 "setosa"
64 4.295 3.002 1.094 0.094 "setosa"
64 5.793 4.003 1.199 0.191 "setosa"
64 5.692 4.417 1.498 0.406 "setosa"
64 5.398 3.904 1.319 0.396 "setosa"
64 5.098 3.515 1.401 0.292 "setosa"
64 5.713 3.805 1.707 0.305 "setosa"
64 5.114 3.788 1.496 0.298 "setosa"
64 5.39 3.401 1.71 0.175 "setosa"
64 5.112 3.695 1.499 0.399 "setosa"
64 4.617 3.608 0.978 0.174 "setosa"
64 5.099 3.297 1.697 0.478 "setosa"
64 4.783 3.4 1.891 0.2 "setosa"
64 5.002 3.008 1.599 0.193 "setosa"
64 4.992 3.408 1.604 0.402 "setosa"
64 5.198 3.508 1.498 0.197 "setosa"
64 5.195 3.408 1.41 0.201 "setosa"
64 4.695 3.203 1.625 0.191 "setosa"
64 4.797 3.102 1.578 0.199 "setosa"
64 5.42 3.396 1.514 0.406 "setosa"
64 5.198 4.119 1.474 0.101 "setosa"
64 5.495 4.194 1.398 0.181 "setosa"
64 4.888 3.09 1.493 0.216 "setosa"
64 4.993 3.214 1.21 0.201 "setosa"
64 5.494 3.509 1.308 0.222 "setosa"
64 4.905 3.591 1.404 0.101 "setosa"
64 4.413 3.004 1.302 0.209 "setosa"
64 5.118 3.381 1.501 0.207 "setosa"
64 4.995 3.507 1.304 0.311 "setosa"
64 4.508 2.296 1.288 0.305 "setosa"
64 4.398 3.219 1.296 0.189 "setosa"
64 4.982 3.499 1.59 0.597 "setosa"
64 5.078 3.796 1.902 0.401 "setosa"
64 4.798 3.009 1.403 0.302 "setosa"
64 5.078 3.808 1.602 0.204 "setosa"
64 4.581 3.221 1.405 0.192 "setosa"
64 5.305 3.697 1.513 0.208 "setosa"
64 5 3.323 1.403 0.2 "setosa"
64 6.998 3.201 4.71 1.397 "versicolor"
64 6.401 3.195 4.506 1.507 "versicolor"
64 6.911 3.107 4.892 1.489 "versicolor"
64 5.493 2.319 4.019 1.308 "versicolor"
64 6.496 2.788 4.595 1.51 "versicolor"
64 5.706 2.793 4.496 1.297 "versicolor"
64 6.306 3.322 4.675 1.599 "versicolor"
64 4.907 2.406 3.278 1.003 "versicolor"
64 6.6 2.893 4.582 1.298 "versicolor"
64 5.222 2.698 3.906 1.39 "versicolor"
64 4.999 1.986 3.513 1.005 "versicolor"
64 5.895 3.005 4.212 1.487 "versicolor"
64 6.002 2.206 3.999 0.989 "versicolor"
64 6.1 2.906 4.7 1.417 "versicolor"
64 5.601 2.893 3.598 1.311 "versicolor"
64 6.696 3.098 4.408 1.405 "versicolor"
64 5.588 2.991 4.5 1.497 "versicolor"
64 5.772 2.692 4.096 1.008 "versicolor"
64 6.218 2.2 4.499 1.505 "versicolor"
64 5.606 2.509 3.885 1.08 "versicolor"
64 5.896 3.199 4.808 1.81 "versicolor"
64 6.088 2.784 3.992 1.313 "versicolor"
64 6.31 2.508 4.896 1.5 "versicolor"
64 6.087 2.785 4.692 1.196 "versicolor"
64 6.4 2.901 4.31 1.311 "versicolor"
64 6.621 3.016 4.399 1.408 "versicolor"
64 6.805 2.791 4.813 1.386 "versicolor"
64 6.684 3.002 4.994 1.707 "versicolor"
64 6.005 2.872 4.501 1.485 "versicolor"
64 5.705 2.602 3.5 0.997 "versicolor"
64 5.51 2.387 3.799 1.103 "versicolor"
64 5.496 2.402 3.698 0.991 "versicolor"
64 5.797 2.691 3.897 1.217 "versicolor"
64 6.013 2.705 5.094 1.604 "versicolor"
64 5.391 2.997 4.501 1.485 "versicolor"
64 5.993 3.403 4.51 1.604 "versicolor"
64 6.677 3.09 4.695 1.514 "versicolor"
64 6.305 2.296 4.417 1.29 "versicolor"
64 5.618 2.989 4.089 1.285 "versicolor"
64 5.507 2.498 3.991 1.297 "versicolor"
64 5.496 2.589 4.394 1.195 "versicolor"
64 6.111 3.001 4.61 1.414 "versicolor"
64 5.818 2.607 4.011 1.206 "versicolor"
64 5 2.307 3.293 1.009 "versicolor"
64 5.615 2.711 4.191 1.298 "versicolor"
64 5.703 3 4.19 1.211 "versicolor"
64 5.691 2.893 4.203 1.294 "versicolor"
64 6.186 2.883 4.289 1.305 "versicolor"
64 5.105 2.505 2.99 1.101 "versicolor"
64 5.711 2.804 4.098 1.296 "versicolor"
64 6.316 3.3 6.008 2.511 "virginica"
64 5.794 2.692 5.109 1.906 "virginica"
64 7.116 2.98 5.914 2.111 "virginica"
64 6.305 2.894 5.612 1.806 "virginica"
64 6.497 3.001 5.793 2.189 "virginica"
64 7.606 3.001 6.601 2.095 "virginica"
64 4.917 2.5 4.498 1.7 "virginica"
64 7.296 2.898 6.294 1.803 "virginica"
64 6.7 2.506 5.822 1.796 "virginica"
64 7.222 3.602 6.101 2.5 "virginica"
64 6.504 3.209 5.108 1.988 "virginica"
64 6.399 2.699 5.294 1.886 "virginica"
64 6.799 2.99 5.495 2.109 "virginica"
64 5.706 2.497 4.994 2.007 "virginica"
64 5.798 2.804 5.099 2.394 "virginica"
64 6.405 3.2 5.304 2.305 "virginica"
64 6.492 3.004 5.498 1.802 "virginica"
64 7.69 3.795 6.707 2.212 "virginica"
64 7.707 2.606 6.9 2.299 "virginica"
64 5.997 2.204 5.008 1.48 "virginica"
64 6.893 3.206 5.68 2.304 "virginica"
64 5.612 2.801 4.902 2.003 "virginica"
64 7.71 2.804 6.687 2.01 "virginica"
64 6.302 2.702 4.907 1.802 "virginica"
64 6.703 3.294 5.705 2.115 "virginica"
64 7.209 3.196 6.01 1.798 "virginica"
64 6.183 2.81 4.799 1.818 "virginica"
64 6.106 3.005 4.904 1.801 "virginica"
64 6.401 2.794 5.592 2.112 "virginica"
64 7.208 3.003 5.817 1.586 "virginica"
64 7.407 2.799 6.111 1.904 "virginica"
64 7.885 3.803 6.386 1.993 "virginica"
64 6.407 2.805 5.597 2.201 "virginica"
64 6.31 2.801 5.106 1.485 "virginica"
64 6.108 2.601 5.578 1.396 "virginica"
64 7.723 2.989 6.096 2.284 "virginica"
64 6.3 3.401 5.616 2.393 "virginica"
64 6.406 3.097 5.517 1.821 "virginica"
64 6.003 3.002 4.813 1.806 "virginica"
64 6.903 3.094 5.383 2.085 "virginica"
64 6.698 3.104 5.606 2.398 "virginica"
64 6.906 3.098 5.114 2.288 "virginica"
64 5.794 2.698 5.095 1.896 "virginica"
64 6.8 3.203 5.896 2.309 "virginica"
64 6.705 3.275 5.693 2.499 "virginica"
64 6.684 3.01 5.206 2.3 "virginica"
64 6.307 2.495 4.995 1.894 "virginica"
64 6.491 3.012 5.196 1.996 "virginica"
64 6.193 3.402 5.392 2.31 "virginica"
64 5.899 3.005 5.097 1.798 "virginica"
