73 5.113 3.493 1.399 0.198 "setosa"
73 4.895 3.013 1.403 0.188 "setosa"
73 4.705 3.202 1.31 0.203 "setosa"
73 4.607 3.1 1.526 0.199 "setosa"
73 4.997 3.597 1.397 0.192 "setosa"
73 5.396 3.899 1.728 0.404 "setosa"
73 4.611 3.395 1.391 0.291 "setosa"
73 4.991 3.384 1.495 0.213 "setosa"
73 4.378 2.892 1.399 0.211 "setosa"
73 4.895 3.11 1.485 0.097 "setosa"
73 5.408 3.688 1.506 0.203 "setosa"
73 4.784 3.399 1.588 0.196 "setosa"
73 4.81 2.987 1.398 0.107 "setosa"
73 4.301 3.014 1.091 0.099 "setosa"
73 5.784 3.991 1.207 0.194 "setosa"
73 5.698 4.393 1.491 0.411 "setosa"
73 5.411 3.906 1.301 0.404 "setosa"
73 5.089 3.526 1.388 0.304 "setosa"
73 5.694 3.797 1.712 0.296 "setosa"
73 5.106 3.829 1.516 0.3 "setosa"
73 5.386 3.4 1.687 0.196 "setosa"
73 5.103 3.685 1.503 0.397 "setosa"
73 4.598 3.604 0.994 0.211 "setosa"
73 5.093 3.318 1.721 0.502 "setosa"
73 4.797 3.398 1.893 0.205 "setosa"
73 5.021 3.001 1.602 0.218 "setosa"
73 5.004 3.388 1.599 0.394 "setosa"
73 5.194 3.497 1.494 0.189 "setosa"
73 5.208 3.388 1.383 0.216 "setosa"
73 4.703 3.202 1.599 0.183 "setosa"
73 4.795 3.106 1.584 0.21 "setosa"
73 5.385 3.39 1.502 0.395 "setosa"
73 5.198 4.09 1.498 0.096 "setosa"
73 5.507 4.212 1.398 0.19 "setosa"
73 4.889 3.094 1.499 0.211 "setosa"
73 5.005 3.19 1.204 0.202 "setosa"
73 5.502 3.502 1.292 0.208 "setosa"
73 4.903 3.611 1.415 0.094 "setosa"
73 4.408 3.01 1.3 0.202 "setosa"
73 5.097 3.407 1.503 0.198 "setosa"
73 5.007 3.506 1.297 0.306 "setosa"
73 4.514 2.305 1.298 0.294 "setosa"
73 4.41 3.208 1.303 0.194 "setosa"
73 4.996 3.498 1.594 0.582 "setosa"
73 5.11 3.798 1.911 0.395 "setosa"
73 4.801 2.988 1.394 0.289 "setosa"
73 5.098 3.777 1.591 0.175 "setosa"
73 4.596 3.193 1.398 0.201 "setosa"
73 5.31 3.714 1.493 0.209 "setosa"
73 5.007 3.296 1.393 0.192 "setosa"
73 7.003 3.192 4.713 1.406 "versicolor"
73 6.398 3.191 4.493 1.501 "versicolor"
73 6.871 3.103 4.922 1.49 "versicolor"
73 5.512 2.282 4.004 1.294 "versicolor"
73 6.504 2.802 4.613 1.494 "versicolor"
73 5.693 2.803 4.49 1.321 "versicolor"
73 6.294 3.287 4.689 1.588 "versicolor"
73 4.9 2.414 3.292 1.004 "versicolor"
73 6.607 2.903 4.606 1.287 "versicolor"
73 5.209 2.696 3.902 1.408 "versicolor"
73 5.006 2.003 3.509 0.997 "versicolor"
73 5.903 2.999 4.201 1.499 "versicolor"
73 5.977 2.207 3.994 1.01 "versicolor"
73 6.097 2.916 4.689 1.388 "versicolor"
73 5.6 2.902 3.599 1.29 "versicolor"
73 6.693 3.086 4.391 1.388 "versicolor"
73 5.604 3.007 4.523 1.507 "versicolor"
73 5.805 2.711 4.114 0.98 "versicolor"
73 6.187 2.199 4.503 1.48 "versicolor"
73 5.603 2.484 3.886 1.114 "versicolor"
73 5.898 3.195 4.784 1.794 "versicolor"
73 6.089 2.797 3.995 1.31 "versicolor"
73 6.311 2.503 4.902 1.49 "versicolor"
73 6.092 2.806 4.696 1.191 "versicolor"
73 6.388 2.904 4.307 1.292 "versicolor"
73 6.592 2.999 4.397 1.39 "versicolor"
73 6.799 2.802 4.797 1.402 "versicolor"
73 6.712 3.015 5.003 1.69 "versicolor"
73 6.009 2.895 4.504 1.492 "versicolor"
73 5.715 2.615 3.501 0.995 "versicolor"
73 5.511 2.393 3.798 1.116 "versicolor"
73 5.501 2.414 3.703 0.982 "versicolor"
73 5.801 2.702 3.885 1.201 "versicolor"
73 5.989 2.706 5.105 1.582 "versicolor"
73 5.398 2.987 4.492 1.494 "versicolor"
73 5.997 3.415 4.505 1.599 "versicolor"
73 6.704 3.099 4.698 1.494 "versicolor"
73 6.299 2.27 4.419 1.291 "versicolor"
73 5.611 2.988 4.103 1.299 "versicolor"
73 5.497 2.487 4.014 1.295 "versicolor"
73 5.497 2.607 4.409 1.198 "versicolor"
73 6.085 3.006 4.605 1.408 "versicolor"
73 5.8 2.599 4 1.201 "versicolor"
73 4.999 2.304 3.307 1.013 "versicolor"
73 5.602 2.701 4.195 1.284 "versicolor"
73 5.694 2.993 4.202 1.206 "versicolor"
73 5.705 2.909 4.197 1.285 "versicolor"
73 6.217 2.887 4.299 1.316 "versicolor"
73 5.1 2.503 3.003 1.101 "versicolor"
73 5.693 2.804 4.095 1.307 "versicolor"
73 6.285 3.317 5.994 2.494 "virginica"
73 5.79 2.706 5.118 1.896 "virginica"
73 7.103 3.004 5.886 2.106 "virginica"
73 6.308 2.907 5.614 1.802 "virginica"
73 6.5 2.992 5.795 2.204 "virginica"
73 7.601 2.993 6.589 2.104 "virginica"
73 4.884 2.494 4.512 1.708 "virginica"
73 7.284 2.885 6.299 1.808 "virginica"
73 6.692 2.485 5.786 1.823 "virginica"
73 7.204 3.604 6.098 2.503 "virginica"
73 6.511 3.199 5.115 1.968 "virginica"
73 6.398 2.724 5.305 1.896 "virginica"
73 6.811 3.002 5.514 2.11 "virginica"
73 5.705 2.513 5.01 1.995 "virginica"
73 5.789 2.809 5.088 2.408 "virginica"
73 6.402 3.208 5.302 2.291 "virginica"
73 6.5 2.998 5.496 1.831 "virginica"
73 7.712 3.78 6.705 2.217 "virginica"
73 7.699 2.605 6.904 2.294 "virginica"
73 5.984 2.187 4.995 1.496 "virginica"
73 6.909 3.214 5.715 2.283 "virginica"
73 5.612 2.808 4.89 1.999 "virginica"
73 7.719 2.787 6.715 1.988 "virginica"
73 6.304 2.7 4.896 1.808 "virginica"
73 6.7 3.297 5.715 2.094 "virginica"
73 7.214 3.189 6.006 1.833 "virginica"
73 6.203 2.811 4.806 1.807 "virginica"
73 6.108 3.002 4.91 1.8 "virginica"
73 6.406 2.805 5.611 2.108 "virginica"
73 7.191 2.989 5.795 1.606 "virginica"
73 7.401 2.81 6.113 1.91 "virginica"
73 7.89 3.796 6.416 1.997 "virginica"
73 6.383 2.798 5.59 2.197 "virginica"
73 6.299 2.803 5.1 1.497 "virginica"
73 6.113 2.606 5.606 1.39 "virginica"
73 7.721 2.985 6.102 2.307 "virginica"
73 6.309 3.406 5.589 2.399 "virginica"
73 6.421 3.102 5.502 1.792 "virginica"
73 5.998 3.032 4.804 1.812 "virginica"
73 6.903 3.086 5.407 2.094 "virginica"
73 6.7 3.093 5.601 2.411 "virginica"
73 6.9 3.09 5.109 2.297 "virginica"
73 5.81 2.693 5.094 1.895 "virginica"
73 6.805 3.201 5.898 2.291 "virginica"
73 6.704 3.304 5.711 2.494 "virginica"
73 6.692 3.008 5.198 2.317 "virginica"
73 6.309 2.506 4.999 1.912 "virginica"
73 6.494 2.999 5.206 2.004 "virginica"
73 6.197 3.399 5.411 2.293 "virginica"
73 5.893 3.002 5.096 1.815 "virginica"
