28 5.111 3.499 1.389 0.228 "setosa"
28 4.914 3.016 1.402 0.197 "setosa"
28 4.699 3.198 1.302 0.211 "setosa"
28 4.591 3.11 1.5 0.188 "setosa"
28 5.008 3.601 1.402 0.219 "setosa"
28 5.402 3.894 1.711 0.39 "setosa"
28 4.582 3.4 1.387 0.29 "setosa"
28 5.016 3.385 1.479 0.192 "setosa"
28 4.399 2.896 1.402 0.205 "setosa"
28 4.899 3.106 1.487 0.096 "setosa"
28 5.401 3.706 1.505 0.18 "setosa"
28 4.798 3.425 1.588 0.207 "setosa"
28 4.778 3.006 1.407 0.095 "setosa"
28 4.31 3.003 1.089 0.097 "setosa"
28 5.808 4.012 1.195 0.2 "setosa"
28 5.695 4.404 1.488 0.39 "setosa"
28 5.407 3.925 1.302 0.397 "setosa"
28 5.105 3.505 1.414 0.317 "setosa"
28 5.702 3.806 1.7 0.296 "setosa"
28 5.105 3.811 1.486 0.297 "setosa"
28 5.403 3.401 1.706 0.192 "setosa"
28 5.098 3.692 1.494 0.406 "setosa"
28 4.6 3.599 1.005 0.196 "setosa"
28 5.104 3.29 1.701 0.487 "setosa"
28 4.801 3.395 1.885 0.217 "setosa"
28 4.997 2.992 1.605 0.217 "setosa"
28 5.002 3.401 1.61 0.388 "setosa"
28 5.197 3.508 1.496 0.188 "setosa"
28 5.18 3.41 1.402 0.218 "setosa"
28 4.694 3.205 1.625 0.197 "setosa"
28 4.794 3.106 1.6 0.201 "setosa"
28 5.41 3.406 1.498 0.403 "setosa"
28 5.207 4.096 1.506 0.103 "setosa"
28 5.497 4.198 1.41 0.221 "setosa"
28 4.905 3.083 1.502 0.191 "setosa"
28 5.005 3.184 1.209 0.201 "setosa"
28 5.487 3.495 1.291 0.2 "setosa"
28 4.894 3.606 1.412 0.08 "setosa"
28 4.406 2.995 1.298 0.211 "setosa"
28 5.084 3.407 1.51 0.22 "setosa"
28 5.002 3.502 1.301 0.305 "setosa"
28 4.504 2.303 1.292 0.3 "setosa"
28 4.391 3.205 1.297 0.19 "setosa"
28 4.999 3.49 1.611 0.589 "setosa"
28 5.096 3.795 1.909 0.418 "setosa"
28 4.812 2.995 1.399 0.301 "setosa"
28 5.108 3.783 1.614 0.201 "setosa"
28 4.595 3.206 1.403 0.218 "setosa"
28 5.313 3.694 1.496 0.198 "setosa"
28 5.019 3.287 1.409 0.198 "setosa"
28 7.022 3.195 4.702 1.402 "versicolor"
28 6.408 3.221 4.5 1.507 "versicolor"
28 6.893 3.117 4.91 1.514 "versicolor"
28 5.526 2.311 4.005 1.307 "versicolor"
28 6.5 2.792 4.598 1.498 "versicolor"
28 5.678 2.804 4.509 1.311 "versicolor"
28 6.301 3.289 4.718 1.588 "versicolor"
28 4.895 2.395 3.306 1.027 "versicolor"
28 6.609 2.888 4.594 1.301 "versicolor"
28 5.202 2.713 3.901 1.391 "versicolor"
28 5.007 1.996 3.497 0.994 "versicolor"
28 5.913 3.008 4.199 1.492 "versicolor"
28 5.987 2.205 3.996 1.008 "versicolor"
28 6.115 2.91 4.713 1.369 "versicolor"
28 5.577 2.904 3.591 1.299 "versicolor"
28 6.697 3.095 4.412 1.404 "versicolor"
28 5.584 2.995 4.495 1.517 "versicolor"
28 5.784 2.702 4.1 1.002 "versicolor"
28 6.191 2.203 4.494 1.501 "versicolor"
28 5.598 2.501 3.917 1.084 "versicolor"
28 5.886 3.212 4.788 1.813 "versicolor"
28 6.095 2.794 3.989 1.295 "versicolor"
28 6.301 2.497 4.897 1.504 "versicolor"
28 6.1 2.815 4.712 1.199 "versicolor"
28 6.396 2.908 4.305 1.295 "versicolor"
28 6.597 2.992 4.406 1.409 "versicolor"
28 6.795 2.797 4.801 1.419 "versicolor"
28 6.703 3.019 5.004 1.692 "versicolor"
28 6.01 2.897 4.5 1.498 "versicolor"
28 5.67 2.6 3.5 1.011 "versicolor"
28 5.504 2.399 3.801 1.096 "versicolor"
28 5.493 2.395 3.711 1.001 "versicolor"
28 5.798 2.691 3.894 1.208 "versicolor"
28 5.985 2.688 5.114 1.599 "versicolor"
28 5.398 2.998 4.513 1.507 "versicolor"
28 5.989 3.398 4.518 1.604 "versicolor"
28 6.709 3.085 4.727 1.492 "versicolor"
28 6.302 2.317 4.395 1.296 "versicolor"
28 5.613 3.004 4.101 1.296 "versicolor"
28 5.513 2.516 3.996 1.295 "versicolor"
28 5.507 2.589 4.404 1.198 "versicolor"
28 6.114 3.011 4.607 1.406 "versicolor"
28 5.816 2.61 3.995 1.176 "versicolor"
28 4.987 2.313 3.303 1.007 "versicolor"
28 5.587 2.712 4.188 1.301 "versicolor"
28 5.704 3.017 4.197 1.197 "versicolor"
28 5.707 2.903 4.201 1.308 "versicolor"
28 6.189 2.895 4.3 1.311 "versicolor"
28 5.092 2.493 2.992 1.099 "versicolor"
28 5.695 2.788 4.12 1.276 "versicolor"
28 6.288 3.288 5.991 2.502 "virginica"
28 5.788 2.712 5.099 1.883 "virginica"
28 7.092 3.01 5.907 2.094 "virginica"
28 6.308 2.906 5.582 1.808 "virginica"
28 6.488 3.01 5.803 2.208 "virginica"
28 7.604 3.002 6.598 2.108 "virginica"
28 4.901 2.514 4.502 1.69 "virginica"
28 7.296 2.893 6.299 1.8 "virginica"
28 6.697 2.508 5.802 1.795 "virginica"
28 7.195 3.599 6.092 2.491 "virginica"
28 6.506 3.195 5.091 2 "virginica"
28 6.388 2.705 5.298 1.899 "virginica"
28 6.806 2.989 5.49 2.126 "virginica"
28 5.679 2.51 4.986 1.999 "virginica"
28 5.788 2.804 5.091 2.4 "virginica"
28 6.378 3.212 5.31 2.302 "virginica"
28 6.498 2.996 5.51 1.803 "virginica"
28 7.693 3.8 6.709 2.215 "virginica"
28 7.715 2.593 6.91 2.293 "virginica"
28 6.014 2.212 5.007 1.493 "virginica"
28 6.893 3.2 5.704 2.298 "virginica"
28 5.607 2.798 4.896 1.99 "virginica"
28 7.693 2.807 6.687 2.004 "virginica"
28 6.31 2.685 4.908 1.818 "virginica"
28 6.707 3.307 5.679 2.104 "virginica"
28 7.205 3.192 6.008 1.784 "virginica"
28 6.211 2.789 4.798 1.782 "virginica"
28 6.085 3.002 4.877 1.781 "virginica"
28 6.4 2.803 5.599 2.09 "virginica"
28 7.204 2.989 5.795 1.588 "virginica"
28 7.414 2.8 6.099 1.902 "virginica"
28 7.896 3.804 6.389 2.016 "virginica"
28 6.403 2.814 5.619 2.195 "virginica"
28 6.293 2.812 5.103 1.488 "virginica"
28 6.071 2.605 5.595 1.394 "virginica"
28 7.691 3.011 6.114 2.298 "virginica"
28 6.311 3.4 5.6 2.408 "virginica"
28 6.39 3.117 5.519 1.792 "virginica"
28 5.997 3.003 4.79 1.799 "virginica"
28 6.914 3.099 5.418 2.107 "virginica"
28 6.68 3.107 5.591 2.422 "virginica"
28 6.904 3.108 5.108 2.3 "virginica"
28 5.793 2.691 5.099 1.885 "virginica"
28 6.815 3.191 5.904 2.295 "virginica"
28 6.703 3.293 5.683 2.491 "virginica"
28 6.702 2.996 5.208 2.319 "virginica"
28 6.294 2.505 5.005 1.909 "virginica"
28 6.492 2.989 5.196 2.001 "virginica"
28 6.205 3.384 5.416 2.318 "virginica"
28 5.908 3.008 5.095 1.814 "virginica"
