8 5.114 3.502 1.405 0.195 "setosa"
8 4.908 3.01 1.42 0.203 "setosa"
8 4.689 3.207 1.307 0.199 "setosa"
8 4.602 3.104 1.512 0.199 "setosa"
8 4.994 3.608 1.391 0.207 "setosa"
8 5.39 3.896 1.694 0.41 "setosa"
8 4.603 3.389 1.407 0.286 "setosa"
8 4.99 3.394 1.487 0.197 "setosa"
8 4.392 2.906 1.392 0.187 "setosa"
8 4.887 3.089 1.476 0.113 "setosa"
8 5.405 3.68 1.509 0.177 "setosa"
8 4.816 3.402 1.588 0.172 "setosa"
8 4.806 3.014 1.385 0.093 "setosa"
8 4.296 3 1.094 0.086 "setosa"
8 5.816 3.999 1.194 0.205 "setosa"
8 5.703 4.408 1.481 0.405 "setosa"
8 5.425 3.901 1.306 0.393 "setosa"
8 5.089 3.504 1.386 0.3 "setosa"
8 5.692 3.814 1.7 0.298 "setosa"
8 5.105 3.816 1.516 0.3 "setosa"
8 5.38 3.401 1.716 0.2 "setosa"
8 5.096 3.7 1.489 0.398 "setosa"
8 4.594 3.603 1.015 0.213 "setosa"
8 5.106 3.308 1.709 0.492 "setosa"
8 4.819 3.386 1.903 0.195 "setosa"
8 5.008 2.985 1.612 0.203 "setosa"
8 5.001 3.413 1.594 0.406 "setosa"
8 5.2 3.491 1.504 0.197 "setosa"
8 5.196 3.403 1.387 0.203 "setosa"
8 4.687 3.19 1.595 0.19 "setosa"
8 4.789 3.093 1.62 0.195 "setosa"
8 5.408 3.42 1.494 0.387 "setosa"
8 5.21 4.095 1.496 0.099 "setosa"
8 5.504 4.197 1.408 0.188 "setosa"
8 4.902 3.092 1.493 0.194 "setosa"
8 4.974 3.203 1.208 0.213 "setosa"
8 5.506 3.499 1.297 0.191 "setosa"
8 4.902 3.595 1.392 0.12 "setosa"
8 4.408 3.007 1.296 0.206 "setosa"
8 5.104 3.403 1.508 0.188 "setosa"
8 4.995 3.485 1.289 0.307 "setosa"
8 4.495 2.311 1.296 0.293 "setosa"
8 4.41 3.213 1.307 0.2 "setosa"
8 5.012 3.51 1.597 0.592 "setosa"
8 5.084 3.8 1.901 0.406 "setosa"
8 4.79 2.991 1.397 0.294 "setosa"
8 5.1 3.792 1.617 0.205 "setosa"
8 4.604 3.188 1.398 0.186 "setosa"
8 5.301 3.695 1.505 0.195 "setosa"
8 4.991 3.305 1.403 0.179 "setosa"
8 6.992 3.216 4.708 1.397 "versicolor"
8 6.405 3.186 4.502 1.493 "versicolor"
8 6.878 3.092 4.896 1.493 "versicolor"
8 5.494 2.293 4.005 1.296 "versicolor"
8 6.514 2.792 4.612 1.49 "versicolor"
8 5.694 2.794 4.493 1.307 "versicolor"
8 6.286 3.29 4.708 1.606 "versicolor"
8 4.896 2.387 3.302 1.005 "versicolor"
8 6.608 2.896 4.617 1.312 "versicolor"
8 5.204 2.7 3.898 1.411 "versicolor"
8 5.007 1.981 3.512 1.011 "versicolor"
8 5.896 3.003 4.198 1.504 "versicolor"
8 6 2.191 3.995 0.992 "versicolor"
8 6.103 2.907 4.698 1.409 "versicolor"
8 5.619 2.897 3.605 1.309 "versicolor"
8 6.681 3.087 4.407 1.411 "versicolor"
8 5.611 2.995 4.493 1.496 "versicolor"
8 5.815 2.711 4.093 0.998 "versicolor"
8 6.206 2.184 4.504 1.526 "versicolor"
8 5.614 2.492 3.902 1.096 "versicolor"
8 5.898 3.206 4.821 1.786 "versicolor"
8 6.103 2.812 3.997 1.282 "versicolor"
8 6.318 2.491 4.902 1.484 "versicolor"
8 6.105 2.799 4.702 1.192 "versicolor"
8 6.401 2.902 4.306 1.303 "versicolor"
8 6.606 2.993 4.412 1.401 "versicolor"
8 6.791 2.802 4.801 1.395 "versicolor"
8 6.721 3.001 5.015 1.696 "versicolor"
8 5.98 2.885 4.508 1.484 "versicolor"
8 5.706 2.606 3.483 0.988 "versicolor"
8 5.506 2.402 3.811 1.082 "versicolor"
8 5.498 2.392 3.71 0.988 "versicolor"
8 5.807 2.688 3.909 1.203 "versicolor"
8 6.003 2.697 5.108 1.588 "versicolor"
8 5.399 3.011 4.515 1.51 "versicolor"
8 6.003 3.388 4.491 1.584 "versicolor"
8 6.721 3.095 4.674 1.484 "versicolor"
8 6.293 2.301 4.392 1.308 "versicolor"
8 5.581 3 4.099 1.302 "versicolor"
8 5.506 2.51 4.011 1.304 "versicolor"
8 5.497 2.606 4.415 1.2 "versicolor"
8 6.113 3.001 4.615 1.405 "versicolor"
8 5.784 2.601 3.998 1.204 "versicolor"
8 4.994 2.298 3.298 0.984 "versicolor"
8 5.598 2.689 4.192 1.31 "versicolor"
8 5.701 3.004 4.204 1.174 "versicolor"
8 5.695 2.889 4.214 1.288 "versicolor"
8 6.194 2.895 4.306 1.308 "versicolor"
8 5.122 2.51 3.015 1.109 "versicolor"
8 5.68 2.806 4.109 1.286 "versicolor"
8 6.314 3.288 5.996 2.503 "virginica"
8 5.797 2.706 5.095 1.895 "virginica"
8 7.11 3.004 5.899 2.103 "virginica"
8 6.297 2.901 5.611 1.785 "virginica"
8 6.486 2.986 5.806 2.216 "virginica"
8 7.599 2.989 6.603 2.103 "virginica"
8 4.908 2.507 4.501 1.689 "virginica"
8 7.3 2.899 6.309 1.811 "virginica"
8 6.703 2.492 5.795 1.788 "virginica"
8 7.208 3.604 6.098 2.49 "virginica"
8 6.495 3.203 5.09 1.996 "virginica"
8 6.421 2.69 5.297 1.894 "virginica"
8 6.815 2.979 5.509 2.101 "virginica"
8 5.697 2.501 5.012 1.982 "virginica"
8 5.798 2.802 5.08 2.391 "virginica"
8 6.406 3.203 5.293 2.282 "virginica"
8 6.499 2.984 5.496 1.783 "virginica"
8 7.692 3.81 6.696 2.203 "virginica"
8 7.707 2.607 6.913 2.282 "virginica"
8 6.009 2.223 5.007 1.497 "virginica"
8 6.904 3.211 5.696 2.304 "virginica"
8 5.596 2.782 4.897 2.006 "virginica"
8 7.699 2.8 6.7 1.986 "virginica"
8 6.312 2.708 4.894 1.794 "virginica"
8 6.711 3.297 5.696 2.093 "virginica"
8 7.203 3.2 6.005 1.802 "virginica"
8 6.189 2.798 4.802 1.796 "virginica"
8 6.097 2.979 4.88 1.809 "virginica"
8 6.395 2.819 5.596 2.08 "virginica"
8 7.22 2.998 5.812 1.605 "virginica"
8 7.407 2.805 6.092 1.881 "virginica"
8 7.891 3.794 6.388 2.002 "virginica"
8 6.417 2.812 5.609 2.177 "virginica"
8 6.305 2.794 5.106 1.503 "virginica"
8 6.096 2.612 5.587 1.398 "virginica"
8 7.706 2.998 6.098 2.297 "virginica"
8 6.299 3.402 5.583 2.408 "virginica"
8 6.385 3.099 5.507 1.794 "virginica"
8 6.016 2.996 4.804 1.795 "virginica"
8 6.898 3.103 5.394 2.104 "virginica"
8 6.691 3.105 5.592 2.411 "virginica"
8 6.889 3.105 5.094 2.288 "virginica"
8 5.8 2.708 5.094 1.875 "virginica"
8 6.792 3.185 5.908 2.297 "virginica"
8 6.701 3.299 5.695 2.496 "virginica"
8 6.701 2.994 5.169 2.29 "virginica"
8 6.317 2.503 5.021 1.882 "virginica"
8 6.489 3.019 5.2 2.019 "virginica"
8 6.195 3.391 5.386 2.313 "virginica"
8 5.911 3.006 5.109 1.81 "virginica"
