92 5.103 3.508 1.38 0.197 "setosa"
92 4.908 3.019 1.382 0.195 "setosa"
92 4.688 3.198 1.301 0.199 "setosa"
92 4.599 3.097 1.492 0.212 "setosa"
92 5.005 3.602 1.39 0.182 "setosa"
92 5.393 3.899 1.686 0.409 "setosa"
92 4.596 3.402 1.405 0.304 "setosa"
92 4.991 3.404 1.489 0.2 "setosa"
92 4.403 2.901 1.411 0.199 "setosa"
92 4.891 3.105 1.493 0.102 "setosa"
92 5.402 3.7 1.497 0.221 "setosa"
92 4.786 3.39 1.596 0.197 "setosa"
92 4.776 2.999 1.394 0.101 "setosa"
92 4.301 2.996 1.093 0.097 "setosa"
92 5.785 3.994 1.212 0.217 "setosa"
92 5.698 4.41 1.501 0.399 "setosa"
92 5.403 3.893 1.289 0.398 "setosa"
92 5.097 3.524 1.41 0.307 "setosa"
92 5.701 3.812 1.711 0.315 "setosa"
92 5.104 3.793 1.484 0.299 "setosa"
92 5.414 3.421 1.698 0.21 "setosa"
92 5.116 3.707 1.511 0.381 "setosa"
92 4.591 3.619 0.989 0.205 "setosa"
92 5.097 3.306 1.689 0.5 "setosa"
92 4.794 3.398 1.904 0.203 "setosa"
92 5.005 3.016 1.592 0.192 "setosa"
92 5 3.402 1.584 0.406 "setosa"
92 5.197 3.504 1.5 0.178 "setosa"
92 5.194 3.396 1.396 0.201 "setosa"
92 4.693 3.207 1.589 0.187 "setosa"
92 4.813 3.087 1.604 0.228 "setosa"
92 5.419 3.407 1.501 0.397 "setosa"
92 5.188 4.103 1.496 0.083 "setosa"
92 5.494 4.197 1.395 0.207 "setosa"
92 4.899 3.101 1.507 0.221 "setosa"
92 4.988 3.2 1.203 0.181 "setosa"
92 5.495 3.507 1.284 0.188 "setosa"
92 4.912 3.588 1.391 0.113 "setosa"
92 4.392 3.005 1.301 0.216 "setosa"
92 5.088 3.383 1.512 0.196 "setosa"
92 5.003 3.498 1.314 0.294 "setosa"
92 4.511 2.291 1.283 0.295 "setosa"
92 4.402 3.211 1.298 0.209 "setosa"
92 4.992 3.494 1.597 0.61 "setosa"
92 5.094 3.792 1.895 0.404 "setosa"
92 4.781 3.001 1.399 0.298 "setosa"
92 5.096 3.81 1.583 0.189 "setosa"
92 4.6 3.208 1.414 0.207 "setosa"
92 5.296 3.693 1.496 0.215 "setosa"
92 4.996 3.296 1.408 0.195 "setosa"
92 6.983 3.198 4.696 1.395 "versicolor"
92 6.401 3.215 4.502 1.499 "versicolor"
92 6.899 3.083 4.897 1.493 "versicolor"
92 5.507 2.301 4 1.318 "versicolor"
92 6.493 2.811 4.583 1.525 "versicolor"
92 5.699 2.795 4.508 1.322 "versicolor"
92 6.298 3.292 4.691 1.607 "versicolor"
92 4.894 2.412 3.323 0.995 "versicolor"
92 6.6 2.884 4.615 1.317 "versicolor"
92 5.188 2.697 3.903 1.406 "versicolor"
92 4.996 1.986 3.516 1.005 "versicolor"
92 5.892 3.013 4.203 1.5 "versicolor"
92 5.995 2.194 4.015 1 "versicolor"
92 6.109 2.903 4.706 1.385 "versicolor"
92 5.592 2.905 3.58 1.3 "versicolor"
92 6.711 3.087 4.388 1.411 "versicolor"
92 5.596 3.002 4.493 1.492 "versicolor"
92 5.786 2.687 4.102 1.009 "versicolor"
92 6.205 2.201 4.499 1.487 "versicolor"
92 5.602 2.477 3.91 1.113 "versicolor"
92 5.902 3.205 4.793 1.801 "versicolor"
92 6.08 2.79 3.997 1.301 "versicolor"
92 6.3 2.506 4.89 1.485 "versicolor"
92 6.099 2.808 4.718 1.182 "versicolor"
92 6.405 2.9 4.291 1.295 "versicolor"
92 6.595 3.011 4.391 1.392 "versicolor"
92 6.815 2.788 4.819 1.397 "versicolor"
92 6.697 3.005 4.99 1.694 "versicolor"
92 6.011 2.905 4.491 1.486 "versicolor"
92 5.701 2.618 3.483 0.986 "versicolor"
92 5.504 2.415 3.81 1.113 "versicolor"
92 5.492 2.399 3.697 1.003 "versicolor"
92 5.802 2.715 3.906 1.229 "versicolor"
92 6.006 2.688 5.103 1.587 "versicolor"
92 5.41 3.015 4.488 1.508 "versicolor"
92 5.995 3.399 4.522 1.614 "versicolor"
92 6.682 3.089 4.692 1.505 "versicolor"
92 6.309 2.288 4.389 1.314 "versicolor"
92 5.594 2.98 4.088 1.295 "versicolor"
92 5.502 2.488 4.007 1.294 "versicolor"
92 5.504 2.597 4.401 1.213 "versicolor"
92 6.104 2.993 4.594 1.42 "versicolor"
92 5.818 2.594 4.001 1.199 "versicolor"
92 5.001 2.305 3.29 0.999 "versicolor"
92 5.597 2.684 4.213 1.307 "versicolor"
92 5.686 3.007 4.213 1.197 "versicolor"
92 5.701 2.896 4.192 1.304 "versicolor"
92 6.199 2.899 4.297 1.29 "versicolor"
92 5.087 2.499 2.989 1.108 "versicolor"
92 5.713 2.795 4.089 1.311 "versicolor"
92 6.286 3.295 6.013 2.504 "virginica"
92 5.807 2.716 5.088 1.901 "virginica"
92 7.11 2.987 5.903 2.076 "virginica"
92 6.297 2.901 5.597 1.792 "virginica"
92 6.485 3.004 5.807 2.201 "virginica"
92 7.594 2.989 6.599 2.107 "virginica"
92 4.892 2.5 4.489 1.697 "virginica"
92 7.297 2.9 6.303 1.807 "virginica"
92 6.691 2.507 5.804 1.79 "virginica"
92 7.198 3.624 6.113 2.501 "virginica"
92 6.498 3.188 5.109 1.998 "virginica"
92 6.401 2.706 5.303 1.898 "virginica"
92 6.795 3.01 5.503 2.097 "virginica"
92 5.699 2.511 4.994 1.993 "virginica"
92 5.8 2.801 5.115 2.396 "virginica"
92 6.392 3.197 5.284 2.291 "virginica"
92 6.499 3.007 5.503 1.807 "virginica"
92 7.708 3.781 6.694 2.202 "virginica"
92 7.708 2.587 6.897 2.31 "virginica"
92 6.022 2.19 4.998 1.51 "virginica"
92 6.899 3.216 5.697 2.288 "virginica"
92 5.589 2.784 4.909 1.987 "virginica"
92 7.697 2.804 6.701 1.998 "virginica"
92 6.299 2.722 4.896 1.794 "virginica"
92 6.69 3.298 5.696 2.115 "virginica"
92 7.202 3.202 6.006 1.795 "virginica"
92 6.203 2.813 4.816 1.805 "virginica"
92 6.105 2.999 4.902 1.783 "virginica"
92 6.402 2.795 5.577 2.101 "virginica"
92 7.186 2.994 5.801 1.621 "virginica"
92 7.412 2.808 6.114 1.896 "virginica"
92 7.897 3.8 6.4 2.008 "virginica"
92 6.392 2.815 5.605 2.183 "virginica"
92 6.311 2.789 5.105 1.495 "virginica"
92 6.102 2.624 5.597 1.406 "virginica"
92 7.704 2.993 6.094 2.309 "virginica"
92 6.292 3.414 5.607 2.404 "virginica"
92 6.39 3.116 5.506 1.799 "virginica"
92 6.005 2.993 4.801 1.787 "virginica"
92 6.89 3.094 5.406 2.103 "virginica"
92 6.696 3.094 5.605 2.392 "virginica"
92 6.895 3.103 5.103 2.3 "virginica"
92 5.793 2.7 5.104 1.914 "virginica"
92 6.813 3.212 5.901 2.313 "virginica"
92 6.698 3.315 5.702 2.492 "virginica"
92 6.707 2.991 5.207 2.287 "virginica"
92 6.288 2.506 4.985 1.89 "virginica"
92 6.492 3 5.204 2 "virginica"
92 6.197 3.414 5.396 2.31 "virginica"
92 5.909 2.983 5.09 1.787 "virginica"
