56 5.11 3.493 1.421 0.189 "setosa"
56 4.912 3.019 1.402 0.204 "setosa"
56 4.722 3.224 1.277 0.201 "setosa"
56 4.607 3.08 1.506 0.198 "setosa"
56 5.007 3.609 1.412 0.211 "setosa"
56 5.399 3.897 1.702 0.404 "setosa"
56 4.581 3.399 1.395 0.309 "setosa"
56 4.995 3.374 1.523 0.202 "setosa"
56 4.382 2.899 1.398 0.202 "setosa"
56 4.907 3.105 1.502 0.09 "setosa"
56 5.399 3.699 1.511 0.201 "setosa"
56 4.789 3.402 1.605 0.199 "setosa"
56 4.8 3.001 1.413 0.103 "setosa"
56 4.302 3.001 1.088 0.099 "setosa"
56 5.779 4.01 1.204 0.204 "setosa"
56 5.695 4.401 1.501 0.403 "setosa"
56 5.407 3.886 1.299 0.374 "setosa"
56 5.116 3.495 1.402 0.297 "setosa"
56 5.69 3.815 1.693 0.289 "setosa"
56 5.109 3.81 1.499 0.318 "setosa"
56 5.385 3.402 1.699 0.198 "setosa"
56 5.074 3.705 1.499 0.409 "setosa"
56 4.598 3.591 1.008 0.208 "setosa"
56 5.102 3.292 1.705 0.506 "setosa"
56 4.795 3.4 1.894 0.187 "setosa"
56 4.992 3.008 1.601 0.212 "setosa"
56 5.006 3.401 1.605 0.39 "setosa"
56 5.197 3.49 1.482 0.207 "setosa"
56 5.206 3.417 1.404 0.194 "setosa"
56 4.681 3.19 1.603 0.214 "setosa"
56 4.796 3.093 1.593 0.183 "setosa"
56 5.402 3.395 1.502 0.383 "setosa"
56 5.186 4.09 1.512 0.116 "setosa"
56 5.489 4.206 1.386 0.185 "setosa"
56 4.897 3.096 1.509 0.192 "setosa"
56 5.004 3.203 1.192 0.193 "setosa"
56 5.508 3.488 1.306 0.185 "setosa"
56 4.928 3.596 1.403 0.098 "setosa"
56 4.414 3.004 1.302 0.207 "setosa"
56 5.094 3.397 1.509 0.202 "setosa"
56 4.992 3.499 1.298 0.299 "setosa"
56 4.504 2.306 1.284 0.288 "setosa"
56 4.411 3.191 1.306 0.204 "setosa"
56 4.993 3.502 1.61 0.594 "setosa"
56 5.105 3.807 1.89 0.385 "setosa"
56 4.798 2.987 1.387 0.311 "setosa"
56 5.103 3.802 1.604 0.21 "setosa"
56 4.596 3.195 1.397 0.201 "setosa"
56 5.293 3.704 1.514 0.213 "setosa"
56 5.015 3.297 1.391 0.188 "setosa"
56 7.005 3.205 4.703 1.405 "versicolor"
56 6.397 3.185 4.481 1.503 "versicolor"
56 6.905 3.084 4.904 1.501 "versicolor"
56 5.515 2.302 3.995 1.303 "versicolor"
56 6.498 2.816 4.593 1.506 "versicolor"
56 5.7 2.801 4.5 1.305 "versicolor"
56 6.29 3.311 4.722 1.599 "versicolor"
56 4.897 2.4 3.302 1.007 "versicolor"
56 6.581 2.885 4.606 1.312 "versicolor"
56 5.191 2.684 3.902 1.386 "versicolor"
56 4.983 2.019 3.488 0.994 "versicolor"
56 5.908 2.995 4.183 1.505 "versicolor"
56 6.015 2.202 4.011 1.01 "versicolor"
56 6.101 2.903 4.697 1.397 "versicolor"
56 5.603 2.89 3.599 1.288 "versicolor"
56 6.698 3.095 4.405 1.392 "versicolor"
56 5.605 2.998 4.51 1.513 "versicolor"
56 5.802 2.706 4.099 1.016 "versicolor"
56 6.195 2.19 4.497 1.512 "versicolor"
56 5.608 2.492 3.894 1.091 "versicolor"
56 5.914 3.2 4.799 1.789 "versicolor"
56 6.109 2.816 3.996 1.281 "versicolor"
56 6.301 2.5 4.909 1.499 "versicolor"
56 6.088 2.798 4.713 1.203 "versicolor"
56 6.408 2.896 4.304 1.301 "versicolor"
56 6.625 2.99 4.398 1.402 "versicolor"
56 6.78 2.796 4.806 1.399 "versicolor"
56 6.708 3.007 5.013 1.703 "versicolor"
56 6.01 2.912 4.499 1.5 "versicolor"
56 5.695 2.592 3.495 0.998 "versicolor"
56 5.497 2.402 3.806 1.105 "versicolor"
56 5.507 2.388 3.689 0.988 "versicolor"
56 5.804 2.714 3.913 1.201 "versicolor"
56 6.03 2.696 5.125 1.609 "versicolor"
56 5.399 2.974 4.508 1.507 "versicolor"
56 5.996 3.399 4.491 1.61 "versicolor"
56 6.686 3.095 4.69 1.488 "versicolor"
56 6.303 2.298 4.376 1.309 "versicolor"
56 5.58 2.987 4.093 1.301 "versicolor"
56 5.513 2.508 4.026 1.304 "versicolor"
56 5.488 2.621 4.415 1.197 "versicolor"
56 6.094 3.004 4.592 1.39 "versicolor"
56 5.796 2.592 4.003 1.184 "versicolor"
56 4.994 2.288 3.303 1.025 "versicolor"
56 5.598 2.696 4.209 1.303 "versicolor"
56 5.691 3.004 4.193 1.202 "versicolor"
56 5.694 2.904 4.191 1.297 "versicolor"
56 6.203 2.911 4.293 1.302 "versicolor"
56 5.1 2.485 3.007 1.106 "versicolor"
56 5.691 2.811 4.104 1.292 "versicolor"
56 6.318 3.302 5.983 2.503 "virginica"
56 5.805 2.685 5.104 1.893 "virginica"
56 7.104 3.014 5.901 2.105 "virginica"
56 6.32 2.906 5.604 1.8 "virginica"
56 6.498 3.01 5.787 2.205 "virginica"
56 7.616 3.01 6.608 2.099 "virginica"
56 4.89 2.494 4.506 1.707 "virginica"
56 7.295 2.913 6.292 1.793 "virginica"
56 6.691 2.514 5.805 1.798 "virginica"
56 7.178 3.609 6.099 2.485 "virginica"
56 6.5 3.21 5.116 1.991 "virginica"
56 6.385 2.696 5.288 1.906 "virginica"
56 6.806 2.999 5.513 2.114 "virginica"
56 5.695 2.509 4.986 2.012 "virginica"
56 5.819 2.791 5.088 2.399 "virginica"
56 6.399 3.197 5.286 2.295 "virginica"
56 6.502 2.996 5.496 1.791 "virginica"
56 7.695 3.797 6.691 2.191 "virginica"
56 7.701 2.595 6.898 2.325 "virginica"
56 6.01 2.187 5.014 1.495 "virginica"
56 6.895 3.226 5.703 2.308 "virginica"
56 5.606 2.782 4.921 1.989 "virginica"
56 7.69 2.795 6.707 2.01 "virginica"
56 6.304 2.701 4.894 1.787 "virginica"
56 6.699 3.292 5.686 2.096 "virginica"
56 7.188 3.215 5.992 1.81 "virginica"
56 6.208 2.795 4.805 1.796 "virginica"
56 6.112 3 4.905 1.783 "virginica"
56 6.4 2.793 5.59 2.125 "virginica"
56 7.188 3.003 5.8 1.589 "virginica"
56 7.416 2.805 6.098 1.912 "virginica"
56 7.927 3.791 6.4 1.991 "virginica"
56 6.424 2.799 5.583 2.212 "virginica"
56 6.294 2.796 5.109 1.487 "virginica"
56 6.118 2.595 5.605 1.406 "virginica"
56 7.719 2.988 6.092 2.289 "virginica"
56 6.297 3.402 5.582 2.4 "virginica"
56 6.4 3.108 5.494 1.81 "virginica"
56 6.005 2.997 4.808 1.793 "virginica"
56 6.886 3.101 5.425 2.102 "virginica"
56 6.695 3.092 5.596 2.398 "virginica"
56 6.905 3.114 5.095 2.307 "virginica"
56 5.803 2.72 5.108 1.906 "virginica"
56 6.817 3.21 5.904 2.303 "virginica"
56 6.697 3.298 5.7 2.485 "virginica"
56 6.691 3.014 5.208 2.301 "virginica"
56 6.291 2.512 5.012 1.895 "virginica"
56 6.507 3.004 5.215 2.004 "virginica"
56 6.199 3.397 5.394 2.292 "virginica"
56 5.891 2.986 5.105 1.813 "virginica"
