48 5.095 3.493 1.396 0.184 "setosa"
48 4.919 3.019 1.404 0.194 "setosa"
48 4.693 3.202 1.303 0.193 "setosa"
48 4.601 3.11 1.504 0.201 "setosa"
48 5.009 3.599 1.401 0.191 "setosa"
48 5.397 3.876 1.689 0.4 "setosa"
48 4.595 3.391 1.413 0.298 "setosa"
48 5.011 3.41 1.509 0.2 "setosa"
48 4.399 2.898 1.399 0.191 "setosa"
48 4.887 3.124 1.494 0.091 "setosa"
48 5.404 3.701 1.502 0.21 "setosa"
48 4.795 3.397 1.582 0.194 "setosa"
48 4.799 2.991 1.397 0.109 "setosa"
48 4.29 3.015 1.1 0.093 "setosa"
48 5.798 3.989 1.212 0.199 "setosa"
48 5.708 4.404 1.491 0.389 "setosa"
48 5.419 3.908 1.311 0.394 "setosa"
48 5.097 3.484 1.402 0.307 "setosa"
48 5.705 3.807 1.714 0.299 "setosa"
48 5.093 3.809 1.499 0.321 "setosa"
48 5.399 3.403 1.7 0.204 "setosa"
48 5.098 3.711 1.497 0.418 "setosa"
48 4.591 3.609 1.006 0.203 "setosa"
48 5.106 3.307 1.702 0.507 "setosa"
48 4.801 3.388 1.912 0.182 "setosa"
48 5.008 2.991 1.624 0.204 "setosa"
48 5.006 3.413 1.597 0.405 "setosa"
48 5.199 3.496 1.503 0.216 "setosa"
48 5.203 3.401 1.409 0.201 "setosa"
48 4.71 3.206 1.577 0.204 "setosa"
48 4.797 3.086 1.605 0.176 "setosa"
48 5.414 3.413 1.495 0.413 "setosa"
48 5.197 4.099 1.497 0.095 "setosa"
48 5.506 4.2 1.393 0.191 "setosa"
48 4.917 3.111 1.483 0.188 "setosa"
48 5.004 3.221 1.192 0.17 "setosa"
48 5.474 3.507 1.299 0.187 "setosa"
48 4.898 3.612 1.404 0.083 "setosa"
48 4.406 2.994 1.32 0.213 "setosa"
48 5.103 3.404 1.512 0.184 "setosa"
48 5 3.507 1.302 0.309 "setosa"
48 4.507 2.296 1.296 0.31 "setosa"
48 4.387 3.191 1.291 0.215 "setosa"
48 4.992 3.493 1.601 0.595 "setosa"
48 5.098 3.81 1.884 0.406 "setosa"
48 4.802 2.996 1.391 0.283 "setosa"
48 5.116 3.814 1.595 0.19 "setosa"
48 4.602 3.19 1.386 0.195 "setosa"
48 5.29 3.698 1.506 0.197 "setosa"
48 4.985 3.28 1.385 0.201 "setosa"
48 6.991 3.206 4.709 1.399 "versicolor"
48 6.408 3.199 4.508 1.517 "versicolor"
48 6.886 3.097 4.906 1.506 "versicolor"
48 5.502 2.295 3.994 1.302 "versicolor"
48 6.499 2.799 4.605 1.502 "versicolor"
48 5.697 2.822 4.484 1.296 "versicolor"
48 6.301 3.314 4.716 1.582 "versicolor"
48 4.905 2.398 3.304 0.986 "versicolor"
48 6.593 2.892 4.601 1.287 "versicolor"
48 5.172 2.717 3.876 1.381 "versicolor"
48 5.003 2.02 3.501 1.009 "versicolor"
48 5.913 2.988 4.178 1.497 "versicolor"
48 6.006 2.195 4.003 1.009 "versicolor"
48 6.117 2.892 4.686 1.384 "versicolor"
48 5.597 2.897 3.596 1.305 "versicolor"
48 6.682 3.094 4.412 1.412 "versicolor"
48 5.586 3.009 4.497 1.48 "versicolor"
48 5.792 2.692 4.095 1.01 "versicolor"
48 6.207 2.219 4.495 1.495 "versicolor"
48 5.612 2.518 3.899 1.107 "versicolor"
48 5.885 3.19 4.806 1.796 "versicolor"
48 6.088 2.801 4.004 1.287 "versicolor"
48 6.302 2.502 4.911 1.497 "versicolor"
48 6.099 2.811 4.689 1.189 "versicolor"
48 6.376 2.907 4.287 1.295 "versicolor"
48 6.604 3.008 4.404 1.394 "versicolor"
48 6.786 2.818 4.805 1.403 "versicolor"
48 6.703 3 4.981 1.684 "versicolor"
48 6.008 2.911 4.507 1.487 "versicolor"
48 5.697 2.574 3.5 0.977 "versicolor"
48 5.511 2.414 3.798 1.097 "versicolor"
48 5.496 2.402 3.707 0.997 "versicolor"
48 5.812 2.697 3.905 1.189 "versicolor"
48 5.993 2.697 5.095 1.603 "versicolor"
48 5.396 3.007 4.501 1.499 "versicolor"
48 6.011 3.388 4.505 1.597 "versicolor"
48 6.709 3.082 4.705 1.52 "versicolor"
48 6.302 2.285 4.41 1.301 "versicolor"
48 5.599 2.986 4.087 1.314 "versicolor"
48 5.503 2.505 4.003 1.287 "versicolor"
48 5.494 2.603 4.392 1.204 "versicolor"
48 6.113 3.006 4.599 1.389 "versicolor"
48 5.799 2.59 4.012 1.204 "versicolor"
48 5.007 2.299 3.301 1.007 "versicolor"
48 5.598 2.69 4.2 1.301 "versicolor"
48 5.708 3.004 4.201 1.208 "versicolor"
48 5.702 2.901 4.198 1.309 "versicolor"
48 6.221 2.886 4.294 1.299 "versicolor"
48 5.11 2.484 2.995 1.102 "versicolor"
48 5.702 2.808 4.09 1.305 "versicolor"
48 6.299 3.301 6.002 2.508 "virginica"
48 5.789 2.713 5.099 1.908 "virginica"
48 7.101 2.988 5.89 2.102 "virginica"
48 6.303 2.901 5.604 1.804 "virginica"
48 6.513 3.009 5.799 2.191 "virginica"
48 7.617 3.019 6.589 2.094 "virginica"
48 4.897 2.501 4.495 1.709 "virginica"
48 7.305 2.917 6.296 1.817 "virginica"
48 6.686 2.514 5.794 1.791 "virginica"
48 7.207 3.611 6.113 2.489 "virginica"
48 6.506 3.191 5.085 1.985 "virginica"
48 6.397 2.7 5.311 1.89 "virginica"
48 6.808 2.999 5.507 2.106 "virginica"
48 5.7 2.49 4.996 2.001 "virginica"
48 5.81 2.813 5.101 2.418 "virginica"
48 6.396 3.2 5.299 2.295 "virginica"
48 6.478 2.992 5.512 1.792 "virginica"
48 7.706 3.807 6.7 2.21 "virginica"
48 7.691 2.62 6.899 2.298 "virginica"
48 6.005 2.202 5.004 1.497 "virginica"
48 6.898 3.199 5.708 2.31 "virginica"
48 5.589 2.783 4.902 1.989 "virginica"
48 7.697 2.805 6.704 2.001 "virginica"
48 6.293 2.711 4.899 1.798 "virginica"
48 6.702 3.302 5.682 2.115 "virginica"
48 7.203 3.193 5.997 1.809 "virginica"
48 6.193 2.796 4.801 1.801 "virginica"
48 6.11 2.993 4.91 1.807 "virginica"
48 6.376 2.804 5.598 2.083 "virginica"
48 7.207 3.002 5.797 1.598 "virginica"
48 7.386 2.806 6.089 1.894 "virginica"
48 7.894 3.802 6.411 2.015 "virginica"
48 6.407 2.807 5.595 2.206 "virginica"
48 6.294 2.805 5.093 1.511 "virginica"
48 6.101 2.601 5.604 1.407 "virginica"
48 7.7 3.005 6.11 2.297 "virginica"
48 6.303 3.395 5.595 2.409 "virginica"
48 6.391 3.088 5.481 1.798 "virginica"
48 5.99 2.991 4.811 1.81 "virginica"
48 6.9 3.084 5.406 2.114 "virginica"
48 6.712 3.095 5.599 2.397 "virginica"
48 6.9 3.091 5.104 2.296 "virginica"
48 5.801 2.694 5.106 1.901 "virginica"
48 6.795 3.185 5.899 2.303 "virginica"
48 6.691 3.306 5.701 2.494 "virginica"
48 6.707 3 5.17 2.297 "virginica"
48 6.301 2.5 4.985 1.905 "virginica"
48 6.507 3.001 5.206 1.984 "virginica"
48 6.198 3.407 5.421 2.287 "virginica"
48 5.897 3.015 5.092 1.808 "virginica"
