36 5.099 3.501 1.41 0.211 "setosa"
36 4.895 2.992 1.385 0.191 "setosa"
36 4.683 3.211 1.277 0.215 "setosa"
36 4.619 3.093 1.488 0.206 "setosa"
36 4.99 3.596 1.387 0.206 "setosa"
36 5.398 3.892 1.709 0.394 "setosa"
36 4.614 3.388 1.398 0.299 "setosa"
36 4.982 3.415 1.482 0.185 "setosa"
36 4.4 2.908 1.39 0.193 "setosa"
36 4.894 3.096 1.502 0.113 "setosa"
36 5.392 3.7 1.503 0.211 "setosa"
36 4.817 3.393 1.607 0.199 "setosa"
36 4.803 3.014 1.406 0.111 "setosa"
36 4.303 2.989 1.107 0.106 "setosa"
36 5.797 4 1.193 0.195 "setosa"
36 5.685 4.39 1.51 0.395 "setosa"
36 5.388 3.9 1.293 0.394 "setosa"
36 5.096 3.507 1.412 0.292 "setosa"
36 5.689 3.815 1.721 0.306 "setosa"
36 5.101 3.8 1.503 0.294 "setosa"
36 5.412 3.402 1.7 0.208 "setosa"
36 5.117 3.693 1.508 0.401 "setosa"
36 4.605 3.595 1.006 0.219 "setosa"
36 5.105 3.286 1.704 0.514 "setosa"
36 4.813 3.401 1.88 0.203 "setosa"
36 5.009 2.997 1.597 0.219 "setosa"
36 5.004 3.394 1.581 0.406 "setosa"
36 5.191 3.524 1.497 0.206 "setosa"
36 5.194 3.399 1.397 0.193 "setosa"
36 4.704 3.19 1.584 0.2 "setosa"
36 4.801 3.077 1.611 0.187 "setosa"
36 5.389 3.408 1.493 0.398 "setosa"
36 5.215 4.096 1.501 0.092 "setosa"
36 5.497 4.204 1.406 0.192 "setosa"
36 4.926 3.086 1.503 0.22 "setosa"
36 5.018 3.192 1.19 0.203 "setosa"
36 5.498 3.5 1.298 0.199 "setosa"
36 4.885 3.584 1.393 0.112 "setosa"
36 4.407 2.989 1.307 0.202 "setosa"
36 5.093 3.401 1.491 0.203 "setosa"
36 4.998 3.516 1.307 0.327 "setosa"
36 4.502 2.297 1.311 0.305 "setosa"
36 4.402 3.205 1.298 0.197 "setosa"
36 5 3.507 1.608 0.596 "setosa"
36 5.111 3.814 1.893 0.395 "setosa"
36 4.789 3 1.414 0.294 "setosa"
36 5.111 3.794 1.61 0.194 "setosa"
36 4.597 3.205 1.407 0.195 "setosa"
36 5.3 3.705 1.494 0.211 "setosa"
36 4.992 3.294 1.394 0.188 "setosa"
36 7.012 3.213 4.709 1.397 "versicolor"
36 6.411 3.195 4.499 1.494 "versicolor"
36 6.916 3.106 4.898 1.517 "versicolor"
36 5.516 2.309 4.014 1.302 "versicolor"
36 6.494 2.802 4.59 1.501 "versicolor"
36 5.709 2.815 4.495 1.312 "versicolor"
36 6.309 3.31 4.678 1.598 "versicolor"
36 4.898 2.403 3.298 0.988 "versicolor"
36 6.615 2.907 4.606 1.309 "versicolor"
36 5.21 2.702 3.902 1.401 "versicolor"
36 4.984 1.989 3.496 0.987 "versicolor"
36 5.88 3.005 4.218 1.491 "versicolor"
36 5.994 2.206 3.992 1.011 "versicolor"
36 6.098 2.892 4.693 1.403 "versicolor"
36 5.583 2.888 3.605 1.297 "versicolor"
36 6.701 3.11 4.407 1.409 "versicolor"
36 5.605 2.988 4.496 1.497 "versicolor"
36 5.779 2.686 4.088 1.01 "versicolor"
36 6.207 2.203 4.499 1.492 "versicolor"
36 5.594 2.486 3.886 1.1 "versicolor"
36 5.901 3.218 4.82 1.806 "versicolor"
36 6.106 2.806 3.994 1.294 "versicolor"
36 6.306 2.488 4.895 1.519 "versicolor"
36 6.096 2.802 4.702 1.209 "versicolor"
36 6.41 2.887 4.282 1.307 "versicolor"
36 6.59 2.993 4.414 1.397 "versicolor"
36 6.778 2.815 4.791 1.401 "versicolor"
36 6.695 2.999 5.004 1.696 "versicolor"
36 6.015 2.899 4.492 1.499 "versicolor"
36 5.697 2.617 3.506 0.993 "versicolor"
36 5.5 2.384 3.804 1.108 "versicolor"
36 5.49 2.391 3.703 1 "versicolor"
36 5.792 2.703 3.908 1.203 "versicolor"
36 5.994 2.692 5.117 1.587 "versicolor"
36 5.396 2.992 4.498 1.5 "versicolor"
36 6.011 3.4 4.496 1.614 "versicolor"
36 6.711 3.107 4.704 1.504 "versicolor"
36 6.304 2.301 4.396 1.308 "versicolor"
36 5.6 3.006 4.088 1.299 "versicolor"
36 5.509 2.512 3.983 1.289 "versicolor"
36 5.499 2.606 4.383 1.188 "versicolor"
36 6.103 2.978 4.612 1.419 "versicolor"
36 5.802 2.586 4.001 1.202 "versicolor"
36 5.004 2.294 3.281 0.984 "versicolor"
36 5.596 2.693 4.197 1.283 "versicolor"
36 5.702 2.998 4.188 1.195 "versicolor"
36 5.681 2.887 4.212 1.299 "versicolor"
36 6.204 2.888 4.302 1.295 "versicolor"
36 5.102 2.5 2.997 1.097 "versicolor"
36 5.689 2.8 4.101 1.294 "versicolor"
36 6.319 3.294 6.011 2.503 "virginica"
36 5.794 2.7 5.091 1.903 "virginica"
36 7.095 2.99 5.888 2.109 "virginica"
36 6.301 2.902 5.588 1.797 "virginica"
36 6.51 3.024 5.783 2.196 "virginica"
36 7.588 2.983 6.588 2.11 "virginica"
36 4.889 2.501 4.496 1.679 "virginica"
36 7.309 2.894 6.301 1.782 "virginica"
36 6.699 2.497 5.801 1.825 "virginica"
36 7.183 3.611 6.085 2.495 "virginica"
36 6.502 3.196 5.104 1.988 "virginica"
36 6.391 2.715 5.312 1.887 "virginica"
36 6.795 2.992 5.522 2.098 "virginica"
36 5.716 2.493 4.986 1.987 "virginica"
36 5.779 2.785 5.097 2.383 "virginica"
36 6.413 3.198 5.278 2.291 "virginica"
36 6.496 2.989 5.496 1.796 "virginica"
36 7.704 3.793 6.711 2.219 "virginica"
36 7.706 2.599 6.896 2.313 "virginica"
36 5.995 2.198 5.005 1.5 "virginica"
36 6.9 3.206 5.696 2.308 "virginica"
36 5.596 2.781 4.889 1.978 "virginica"
36 7.7 2.802 6.71 1.995 "virginica"
36 6.294 2.69 4.912 1.815 "virginica"
36 6.706 3.305 5.709 2.084 "virginica"
36 7.203 3.207 6.004 1.802 "virginica"
36 6.2 2.823 4.798 1.792 "virginica"
36 6.107 2.994 4.908 1.8 "virginica"
36 6.418 2.81 5.607 2.1 "virginica"
36 7.203 3.018 5.785 1.605 "virginica"
36 7.407 2.8 6.088 1.916 "virginica"
36 7.915 3.797 6.388 1.993 "virginica"
36 6.397 2.799 5.592 2.198 "virginica"
36 6.3 2.799 5.096 1.523 "virginica"
36 6.091 2.598 5.604 1.393 "virginica"
36 7.698 3.011 6.089 2.297 "virginica"
36 6.3 3.404 5.611 2.407 "virginica"
36 6.392 3.095 5.494 1.798 "virginica"
36 6.006 3.002 4.795 1.806 "virginica"
36 6.886 3.1 5.4 2.092 "virginica"
36 6.707 3.118 5.589 2.405 "virginica"
36 6.895 3.093 5.071 2.31 "virginica"
36 5.798 2.696 5.102 1.918 "virginica"
36 6.796 3.209 5.893 2.293 "virginica"
36 6.706 3.302 5.702 2.505 "virginica"
36 6.691 2.995 5.193 2.308 "virginica"
36 6.291 2.506 5.007 1.889 "virginica"
36 6.506 2.981 5.199 2.009 "virginica"
36 6.208 3.393 5.38 2.319 "virginica"
36 5.906 3.009 5.112 1.776 "virginica"
