79 5.09 3.507 1.4 0.191 "setosa"
79 4.89 3.005 1.389 0.173 "setosa"
79 4.704 3.192 1.303 0.207 "setosa"
79 4.598 3.104 1.494 0.204 "setosa"
79 4.996 3.59 1.401 0.207 "setosa"
79 5.4 3.898 1.705 0.389 "setosa"
79 4.598 3.415 1.398 0.289 "setosa"
79 4.994 3.395 1.515 0.196 "setosa"
79 4.396 2.905 1.403 0.188 "setosa"
79 4.902 3.098 1.494 0.096 "setosa"
79 5.385 3.706 1.507 0.208 "setosa"
79 4.798 3.395 1.594 0.213 "setosa"
79 4.789 2.981 1.412 0.113 "setosa"
79 4.308 3.015 1.113 0.104 "setosa"
79 5.799 4.016 1.194 0.212 "setosa"
79 5.702 4.415 1.499 0.41 "setosa"
79 5.371 3.899 1.301 0.419 "setosa"
79 5.116 3.497 1.376 0.296 "setosa"
79 5.702 3.807 1.691 0.292 "setosa"
79 5.097 3.804 1.512 0.306 "setosa"
79 5.417 3.398 1.695 0.201 "setosa"
79 5.111 3.732 1.499 0.391 "setosa"
79 4.611 3.611 0.992 0.211 "setosa"
79 5.116 3.314 1.695 0.479 "setosa"
79 4.788 3.409 1.901 0.203 "setosa"
79 5.016 3.015 1.6 0.208 "setosa"
79 5.017 3.405 1.602 0.397 "setosa"
79 5.186 3.514 1.506 0.194 "setosa"
79 5.218 3.385 1.407 0.211 "setosa"
79 4.701 3.188 1.6 0.2 "setosa"
79 4.81 3.08 1.614 0.209 "setosa"
79 5.404 3.384 1.517 0.401 "setosa"
79 5.191 4.105 1.493 0.1 "setosa"
79 5.482 4.197 1.413 0.207 "setosa"
79 4.918 3.085 1.505 0.227 "setosa"
79 4.992 3.199 1.194 0.213 "setosa"
79 5.512 3.505 1.297 0.202 "setosa"
79 4.9 3.595 1.403 0.112 "setosa"
79 4.425 3.012 1.292 0.201 "setosa"
79 5.102 3.403 1.509 0.213 "setosa"
79 4.987 3.498 1.316 0.308 "setosa"
79 4.499 2.301 1.296 0.313 "setosa"
79 4.4 3.202 1.304 0.203 "setosa"
79 5.025 3.508 1.583 0.593 "setosa"
79 5.112 3.802 1.895 0.382 "setosa"
79 4.824 3.006 1.406 0.295 "setosa"
79 5.1 3.787 1.611 0.185 "setosa"
79 4.591 3.199 1.392 0.18 "setosa"
79 5.279 3.698 1.509 0.202 "setosa"
79 4.992 3.315 1.414 0.193 "setosa"
79 7.004 3.208 4.686 1.411 "versicolor"
79 6.412 3.203 4.524 1.51 "versicolor"
79 6.908 3.1 4.903 1.506 "versicolor"
79 5.501 2.319 4.018 1.295 "versicolor"
79 6.497 2.797 4.604 1.487 "versicolor"
79 5.705 2.79 4.494 1.316 "versicolor"
79 6.31 3.309 4.689 1.601 "versicolor"
79 4.89 2.404 3.307 1.003 "versicolor"
79 6.592 2.894 4.6 1.289 "versicolor"
79 5.202 2.695 3.896 1.421 "versicolor"
79 5.016 2.008 3.498 0.983 "versicolor"
79 5.895 2.99 4.198 1.52 "versicolor"
79 6.012 2.2 4.01 1.001 "versicolor"
79 6.089 2.889 4.689 1.396 "versicolor"
79 5.607 2.878 3.603 1.312 "versicolor"
79 6.709 3.103 4.398 1.411 "versicolor"
79 5.609 3.02 4.498 1.509 "versicolor"
79 5.804 2.688 4.107 1.003 "versicolor"
79 6.204 2.195 4.513 1.498 "versicolor"
79 5.611 2.505 3.906 1.1 "versicolor"
79 5.896 3.205 4.794 1.795 "versicolor"
79 6.11 2.799 4.003 1.304 "versicolor"
79 6.307 2.498 4.89 1.495 "versicolor"
79 6.108 2.807 4.693 1.201 "versicolor"
79 6.377 2.898 4.299 1.302 "versicolor"
79 6.603 3.016 4.399 1.397 "versicolor"
79 6.776 2.791 4.804 1.404 "versicolor"
79 6.7 2.997 5 1.681 "versicolor"
79 6.009 2.912 4.485 1.485 "versicolor"
79 5.696 2.604 3.488 1.001 "versicolor"
79 5.5 2.404 3.796 1.091 "versicolor"
79 5.502 2.402 3.696 0.988 "versicolor"
79 5.809 2.703 3.894 1.213 "versicolor"
79 5.991 2.685 5.103 1.609 "versicolor"
79 5.387 3.002 4.511 1.518 "versicolor"
79 6.014 3.412 4.498 1.603 "versicolor"
79 6.686 3.099 4.694 1.495 "versicolor"
79 6.295 2.306 4.394 1.303 "versicolor"
79 5.593 3.009 4.115 1.297 "versicolor"
79 5.494 2.505 4.008 1.296 "versicolor"
79 5.506 2.612 4.388 1.188 "versicolor"
79 6.091 3.007 4.607 1.39 "versicolor"
79 5.8 2.605 3.99 1.195 "versicolor"
79 4.998 2.306 3.295 1.012 "versicolor"
79 5.606 2.705 4.197 1.297 "versicolor"
79 5.717 3.009 4.204 1.192 "versicolor"
79 5.702 2.889 4.185 1.295 "versicolor"
79 6.192 2.902 4.291 1.309 "versicolor"
79 5.113 2.51 2.99 1.107 "versicolor"
79 5.702 2.797 4.109 1.297 "versicolor"
79 6.315 3.302 6.002 2.491 "virginica"
79 5.791 2.705 5.087 1.914 "virginica"
79 7.101 3.002 5.899 2.087 "virginica"
79 6.301 2.896 5.596 1.815 "virginica"
79 6.493 2.992 5.793 2.197 "virginica"
79 7.59 3 6.593 2.117 "virginica"
79 4.923 2.531 4.476 1.705 "virginica"
79 7.277 2.899 6.296 1.775 "virginica"
79 6.698 2.498 5.801 1.793 "virginica"
79 7.21 3.596 6.099 2.507 "virginica"
79 6.493 3.206 5.101 2 "virginica"
79 6.406 2.671 5.3 1.918 "virginica"
79 6.81 3.004 5.482 2.098 "virginica"
79 5.705 2.502 4.981 1.99 "virginica"
79 5.797 2.787 5.102 2.387 "virginica"
79 6.398 3.184 5.307 2.297 "virginica"
79 6.493 2.993 5.508 1.794 "virginica"
79 7.689 3.812 6.681 2.204 "virginica"
79 7.697 2.597 6.902 2.297 "virginica"
79 6.021 2.192 5.008 1.507 "virginica"
79 6.89 3.179 5.697 2.29 "virginica"
79 5.591 2.82 4.9 2.011 "virginica"
79 7.7 2.802 6.702 1.996 "virginica"
79 6.289 2.697 4.891 1.818 "virginica"
79 6.701 3.304 5.701 2.097 "virginica"
79 7.209 3.203 5.982 1.806 "virginica"
79 6.215 2.795 4.814 1.791 "virginica"
79 6.113 3.004 4.889 1.805 "virginica"
79 6.381 2.789 5.602 2.084 "virginica"
79 7.218 3.001 5.826 1.586 "virginica"
79 7.397 2.787 6.094 1.894 "virginica"
79 7.9 3.789 6.393 1.983 "virginica"
79 6.385 2.808 5.609 2.212 "virginica"
79 6.279 2.804 5.107 1.497 "virginica"
79 6.107 2.602 5.605 1.405 "virginica"
79 7.712 3 6.081 2.307 "virginica"
79 6.308 3.424 5.594 2.39 "virginica"
79 6.401 3.098 5.503 1.791 "virginica"
79 6.012 2.991 4.794 1.811 "virginica"
79 6.886 3.104 5.402 2.097 "virginica"
79 6.711 3.081 5.585 2.4 "virginica"
79 6.893 3.096 5.108 2.309 "virginica"
79 5.82 2.706 5.102 1.899 "virginica"
79 6.781 3.187 5.897 2.304 "virginica"
79 6.696 3.293 5.702 2.493 "virginica"
79 6.703 3.005 5.195 2.281 "virginica"
79 6.306 2.494 5.003 1.908 "virginica"
79 6.5 2.993 5.194 2.011 "virginica"
79 6.195 3.408 5.4 2.303 "virginica"
79 5.905 2.987 5.097 1.797 "virginica"
