84 5.107 3.485 1.384 0.206 "setosa"
84 4.894 2.986 1.404 0.201 "setosa"
84 4.696 3.187 1.301 0.176 "setosa"
84 4.623 3.09 1.501 0.198 "setosa"
84 5.003 3.59 1.403 0.209 "setosa"
84 5.413 3.883 1.7 0.417 "setosa"
84 4.603 3.406 1.391 0.292 "setosa"
84 4.989 3.401 1.493 0.191 "setosa"
84 4.413 2.9 1.401 0.186 "setosa"
84 4.905 3.106 1.494 0.087 "setosa"
84 5.408 3.728 1.479 0.186 "setosa"
84 4.8 3.41 1.588 0.204 "setosa"
84 4.8 2.986 1.415 0.093 "setosa"
84 4.288 3.006 1.106 0.104 "setosa"
84 5.794 3.974 1.198 0.188 "setosa"
84 5.703 4.412 1.495 0.407 "setosa"
84 5.394 3.894 1.301 0.402 "setosa"
84 5.099 3.499 1.396 0.295 "setosa"
84 5.691 3.783 1.688 0.309 "setosa"
84 5.101 3.813 1.519 0.307 "setosa"
84 5.41 3.408 1.717 0.186 "setosa"
84 5.116 3.694 1.513 0.392 "setosa"
84 4.584 3.599 1.004 0.203 "setosa"
84 5.117 3.29 1.705 0.514 "setosa"
84 4.795 3.406 1.903 0.211 "setosa"
84 5.001 2.985 1.593 0.197 "setosa"
84 4.984 3.398 1.592 0.399 "setosa"
84 5.199 3.489 1.49 0.196 "setosa"
84 5.182 3.38 1.402 0.193 "setosa"
84 4.7 3.205 1.581 0.195 "setosa"
84 4.806 3.098 1.589 0.202 "setosa"
84 5.407 3.399 1.495 0.408 "setosa"
84 5.191 4.097 1.494 0.101 "setosa"
84 5.496 4.194 1.379 0.212 "setosa"
84 4.91 3.107 1.507 0.204 "setosa"
84 4.998 3.187 1.202 0.192 "setosa"
84 5.515 3.492 1.292 0.201 "setosa"
84 4.899 3.605 1.381 0.107 "setosa"
84 4.405 2.996 1.298 0.197 "setosa"
84 5.093 3.393 1.503 0.212 "setosa"
84 4.996 3.483 1.283 0.298 "setosa"
84 4.507 2.303 1.302 0.294 "setosa"
84 4.399 3.206 1.296 0.211 "setosa"
84 4.998 3.506 1.587 0.619 "setosa"
84 5.096 3.798 1.905 0.416 "setosa"
84 4.789 2.985 1.398 0.315 "setosa"
84 5.081 3.797 1.602 0.19 "setosa"
84 4.591 3.202 1.4 0.202 "setosa"
84 5.29 3.71 1.497 0.189 "setosa"
84 5.009 3.299 1.411 0.201 "setosa"
84 7.002 3.217 4.684 1.402 "versicolor"
84 6.383 3.183 4.504 1.497 "versicolor"
84 6.91 3.101 4.916 1.487 "versicolor"
84 5.491 2.302 3.999 1.299 "versicolor"
84 6.517 2.806 4.603 1.477 "versicolor"
84 5.685 2.825 4.508 1.295 "versicolor"
84 6.291 3.304 4.693 1.591 "versicolor"
84 4.907 2.41 3.297 1.002 "versicolor"
84 6.6 2.894 4.624 1.318 "versicolor"
84 5.208 2.703 3.895 1.396 "versicolor"
84 5.022 1.982 3.508 1.004 "versicolor"
84 5.895 3.007 4.184 1.493 "versicolor"
84 5.973 2.21 3.99 0.987 "versicolor"
84 6.096 2.892 4.698 1.4 "versicolor"
84 5.592 2.906 3.602 1.302 "versicolor"
84 6.702 3.115 4.403 1.415 "versicolor"
84 5.596 2.997 4.507 1.502 "versicolor"
84 5.79 2.718 4.112 0.996 "versicolor"
84 6.194 2.197 4.511 1.499 "versicolor"
84 5.613 2.515 3.892 1.106 "versicolor"
84 5.9 3.202 4.807 1.788 "versicolor"
84 6.097 2.795 3.999 1.289 "versicolor"
84 6.305 2.49 4.898 1.478 "versicolor"
84 6.087 2.798 4.691 1.193 "versicolor"
84 6.395 2.904 4.288 1.299 "versicolor"
84 6.599 3.006 4.411 1.422 "versicolor"
84 6.791 2.804 4.782 1.411 "versicolor"
84 6.707 2.992 4.997 1.711 "versicolor"
84 6.017 2.894 4.482 1.499 "versicolor"
84 5.704 2.599 3.494 0.992 "versicolor"
84 5.487 2.389 3.793 1.1 "versicolor"
84 5.511 2.403 3.705 1.003 "versicolor"
84 5.785 2.72 3.898 1.205 "versicolor"
84 6.004 2.701 5.095 1.595 "versicolor"
84 5.401 3.009 4.501 1.491 "versicolor"
84 6.003 3.383 4.495 1.607 "versicolor"
84 6.703 3.104 4.685 1.501 "versicolor"
84 6.289 2.297 4.403 1.303 "versicolor"
84 5.593 2.977 4.116 1.302 "versicolor"
84 5.503 2.505 3.998 1.275 "versicolor"
84 5.481 2.593 4.405 1.199 "versicolor"
84 6.087 2.992 4.6 1.393 "versicolor"
84 5.797 2.598 3.982 1.202 "versicolor"
84 5.002 2.279 3.313 1.01 "versicolor"
84 5.602 2.693 4.198 1.28 "versicolor"
84 5.696 2.998 4.208 1.18 "versicolor"
84 5.704 2.898 4.2 1.306 "versicolor"
84 6.192 2.91 4.303 1.285 "versicolor"
84 5.089 2.507 3.011 1.092 "versicolor"
84 5.693 2.812 4.108 1.297 "versicolor"
84 6.302 3.302 5.988 2.52 "virginica"
84 5.783 2.696 5.101 1.915 "virginica"
84 7.092 3.012 5.895 2.09 "virginica"
84 6.286 2.896 5.626 1.798 "virginica"
84 6.502 2.985 5.805 2.193 "virginica"
84 7.6 2.989 6.587 2.109 "virginica"
84 4.902 2.502 4.504 1.71 "virginica"
84 7.296 2.889 6.284 1.804 "virginica"
84 6.715 2.508 5.783 1.79 "virginica"
84 7.192 3.588 6.103 2.501 "virginica"
84 6.498 3.21 5.116 2.01 "virginica"
84 6.402 2.704 5.293 1.908 "virginica"
84 6.8 3.003 5.508 2.113 "virginica"
84 5.682 2.496 4.995 2.004 "virginica"
84 5.801 2.805 5.112 2.412 "virginica"
84 6.405 3.193 5.3 2.302 "virginica"
84 6.509 3.006 5.489 1.824 "virginica"
84 7.695 3.79 6.689 2.19 "virginica"
84 7.718 2.603 6.904 2.309 "virginica"
84 6.007 2.192 4.988 1.476 "virginica"
84 6.907 3.196 5.726 2.299 "virginica"
84 5.603 2.789 4.904 1.994 "virginica"
84 7.703 2.806 6.697 1.986 "virginica"
84 6.292 2.693 4.892 1.797 "virginica"
84 6.686 3.297 5.705 2.08 "virginica"
84 7.203 3.186 6.013 1.778 "virginica"
84 6.21 2.816 4.793 1.798 "virginica"
84 6.088 3.007 4.896 1.817 "virginica"
84 6.406 2.794 5.603 2.097 "virginica"
84 7.203 2.991 5.799 1.606 "virginica"
84 7.406 2.787 6.109 1.895 "virginica"
84 7.901 3.793 6.395 2.034 "virginica"
84 6.383 2.812 5.598 2.201 "virginica"
84 6.306 2.801 5.09 1.5 "virginica"
84 6.113 2.611 5.585 1.394 "virginica"
84 7.707 3.001 6.118 2.295 "virginica"
84 6.309 3.402 5.599 2.407 "virginica"
84 6.402 3.086 5.491 1.809 "virginica"
84 6.01 3.001 4.81 1.797 "virginica"
84 6.902 3.116 5.402 2.095 "virginica"
84 6.694 3.094 5.594 2.408 "virginica"
84 6.895 3.122 5.095 2.3 "virginica"
84 5.775 2.699 5.11 1.909 "virginica"
84 6.799 3.189 5.914 2.3 "virginica"
84 6.703 3.294 5.689 2.522 "virginica"
84 6.707 2.99 5.209 2.308 "virginica"
84 6.306 2.512 5.021 1.907 "virginica"
84 6.487 3.001 5.19 2 "virginica"
84 6.201 3.404 5.388 2.301 "virginica"
84 5.894 2.983 5.099 1.806 "virginica"
