87 5.087 3.512 1.397 0.191 "setosa"
87 4.901 3.005 1.389 0.198 "setosa"
87 4.704 3.186 1.28 0.201 "setosa"
87 4.585 3.099 1.514 0.216 "setosa"
87 4.998 3.591 1.403 0.2 "setosa"
87 5.391 3.884 1.697 0.41 "setosa"
87 4.608 3.399 1.379 0.294 "setosa"
87 4.988 3.388 1.499 0.207 "setosa"
87 4.407 2.916 1.4 0.207 "setosa"
87 4.88 3.115 1.512 0.109 "setosa"
87 5.408 3.697 1.511 0.191 "setosa"
87 4.815 3.422 1.585 0.179 "setosa"
87 4.796 3.005 1.386 0.102 "setosa"
87 4.298 2.988 1.091 0.084 "setosa"
87 5.796 4.004 1.198 0.204 "setosa"
87 5.729 4.404 1.49 0.393 "setosa"
87 5.4 3.909 1.301 0.402 "setosa"
87 5.104 3.502 1.412 0.302 "setosa"
87 5.681 3.777 1.682 0.302 "setosa"
87 5.097 3.776 1.499 0.303 "setosa"
87 5.393 3.408 1.689 0.202 "setosa"
87 5.079 3.707 1.5 0.414 "setosa"
87 4.589 3.597 0.991 0.216 "setosa"
87 5.077 3.32 1.702 0.49 "setosa"
87 4.793 3.404 1.91 0.206 "setosa"
87 5.008 3.014 1.602 0.2 "setosa"
87 5.005 3.39 1.592 0.396 "setosa"
87 5.194 3.516 1.503 0.177 "setosa"
87 5.194 3.398 1.39 0.21 "setosa"
87 4.688 3.195 1.595 0.184 "setosa"
87 4.8 3.106 1.597 0.203 "setosa"
87 5.39 3.405 1.502 0.385 "setosa"
87 5.187 4.113 1.488 0.116 "setosa"
87 5.506 4.188 1.409 0.183 "setosa"
87 4.897 3.078 1.5 0.196 "setosa"
87 4.998 3.189 1.202 0.203 "setosa"
87 5.515 3.485 1.301 0.196 "setosa"
87 4.904 3.601 1.398 0.095 "setosa"
87 4.398 3.011 1.309 0.179 "setosa"
87 5.103 3.406 1.496 0.209 "setosa"
87 4.991 3.504 1.308 0.3 "setosa"
87 4.497 2.314 1.309 0.316 "setosa"
87 4.399 3.203 1.3 0.185 "setosa"
87 4.994 3.511 1.596 0.604 "setosa"
87 5.095 3.798 1.903 0.397 "setosa"
87 4.78 3 1.408 0.3 "setosa"
87 5.097 3.8 1.59 0.193 "setosa"
87 4.605 3.209 1.402 0.198 "setosa"
87 5.304 3.707 1.49 0.178 "setosa"
87 4.994 3.309 1.418 0.181 "setosa"
87 6.989 3.203 4.707 1.384 "versicolor"
87 6.396 3.22 4.497 1.497 "versicolor"
87 6.887 3.096 4.92 1.485 "versicolor"
87 5.513 2.295 3.996 1.3 "versicolor"
87 6.508 2.803 4.6 1.488 "versicolor"
87 5.702 2.824 4.49 1.305 "versicolor"
87 6.307 3.317 4.69 1.599 "versicolor"
87 4.892 2.4 3.3 0.988 "versicolor"
87 6.589 2.897 4.591 1.288 "versicolor"
87 5.207 2.687 3.92 1.401 "versicolor"
87 5.001 2.004 3.512 1.004 "versicolor"
87 5.886 2.983 4.21 1.497 "versicolor"
87 5.991 2.2 4 1.006 "versicolor"
87 6.087 2.885 4.715 1.379 "versicolor"
87 5.619 2.888 3.596 1.291 "versicolor"
87 6.697 3.108 4.423 1.395 "versicolor"
87 5.606 3.016 4.504 1.499 "versicolor"
87 5.793 2.686 4.094 0.99 "versicolor"
87 6.201 2.19 4.498 1.508 "versicolor"
87 5.599 2.499 3.908 1.101 "versicolor"
87 5.899 3.187 4.818 1.798 "versicolor"
87 6.111 2.797 3.987 1.292 "versicolor"
87 6.289 2.505 4.878 1.512 "versicolor"
87 6.095 2.812 4.692 1.202 "versicolor"
87 6.389 2.886 4.294 1.31 "versicolor"
87 6.616 3.044 4.396 1.406 "versicolor"
87 6.79 2.801 4.794 1.411 "versicolor"
87 6.707 2.985 4.997 1.7 "versicolor"
87 5.989 2.897 4.503 1.51 "versicolor"
87 5.697 2.593 3.492 0.994 "versicolor"
87 5.492 2.417 3.813 1.081 "versicolor"
87 5.5 2.408 3.708 1.001 "versicolor"
87 5.796 2.704 3.897 1.181 "versicolor"
87 6.005 2.696 5.102 1.594 "versicolor"
87 5.396 3.005 4.495 1.502 "versicolor"
87 6.006 3.389 4.493 1.597 "versicolor"
87 6.691 3.087 4.691 1.499 "versicolor"
87 6.297 2.295 4.41 1.29 "versicolor"
87 5.605 3.004 4.114 1.309 "versicolor"
87 5.503 2.511 4.009 1.287 "versicolor"
87 5.505 2.607 4.386 1.208 "versicolor"
87 6.081 2.984 4.617 1.378 "versicolor"
87 5.802 2.6 4 1.199 "versicolor"
87 4.996 2.31 3.304 0.981 "versicolor"
87 5.61 2.685 4.202 1.294 "versicolor"
87 5.711 2.991 4.194 1.207 "versicolor"
87 5.696 2.9 4.192 1.302 "versicolor"
87 6.201 2.915 4.297 1.313 "versicolor"
87 5.113 2.509 2.995 1.096 "versicolor"
87 5.705 2.826 4.096 1.3 "versicolor"
87 6.279 3.295 6.01 2.493 "virginica"
87 5.813 2.698 5.085 1.906 "virginica"
87 7.107 2.998 5.888 2.101 "virginica"
87 6.298 2.911 5.614 1.795 "virginica"
87 6.486 2.997 5.789 2.194 "virginica"
87 7.607 3.01 6.595 2.125 "virginica"
87 4.905 2.499 4.496 1.695 "virginica"
87 7.308 2.901 6.31 1.811 "virginica"
87 6.704 2.499 5.802 1.811 "virginica"
87 7.191 3.581 6.108 2.495 "virginica"
87 6.503 3.194 5.101 1.995 "virginica"
87 6.41 2.679 5.303 1.896 "virginica"
87 6.798 3.003 5.523 2.091 "virginica"
87 5.684 2.505 5.012 1.988 "virginica"
87 5.808 2.785 5.071 2.407 "virginica"
87 6.416 3.215 5.315 2.291 "virginica"
87 6.5 2.991 5.508 1.789 "virginica"
87 7.691 3.792 6.701 2.202 "virginica"
87 7.704 2.619 6.918 2.301 "virginica"
87 5.993 2.191 5.017 1.499 "virginica"
87 6.908 3.195 5.719 2.302 "virginica"
87 5.605 2.812 4.911 2.015 "virginica"
87 7.719 2.806 6.703 2.003 "virginica"
87 6.315 2.7 4.889 1.803 "virginica"
87 6.701 3.308 5.701 2.109 "virginica"
87 7.2 3.2 5.997 1.798 "virginica"
87 6.196 2.811 4.799 1.811 "virginica"
87 6.094 3.002 4.885 1.803 "virginica"
87 6.39 2.805 5.588 2.105 "virginica"
87 7.201 2.994 5.812 1.609 "virginica"
87 7.392 2.779 6.091 1.925 "virginica"
87 7.929 3.797 6.414 1.99 "virginica"
87 6.409 2.8 5.609 2.198 "virginica"
87 6.299 2.805 5.101 1.51 "virginica"
87 6.097 2.606 5.59 1.404 "virginica"
87 7.688 2.993 6.097 2.293 "virginica"
87 6.281 3.4 5.602 2.38 "virginica"
87 6.392 3.1 5.504 1.802 "virginica"
87 5.999 3.001 4.791 1.798 "virginica"
87 6.886 3.111 5.402 2.087 "virginica"
87 6.712 3.11 5.616 2.413 "virginica"
87 6.929 3.106 5.101 2.29 "virginica"
87 5.791 2.709 5.126 1.912 "virginica"
87 6.798 3.199 5.901 2.293 "virginica"
87 6.701 3.3 5.698 2.501 "virginica"
87 6.696 3.004 5.218 2.31 "virginica"
87 6.326 2.506 4.988 1.891 "virginica"
87 6.495 3.009 5.179 2.012 "virginica"
87 6.19 3.388 5.399 2.305 "virginica"
87 5.908 2.988 5.094 1.804 "virginica"
