75 5.098 3.484 1.382 0.206 "setosa"
75 4.89 2.993 1.39 0.204 "setosa"
75 4.693 3.21 1.302 0.191 "setosa"
75 4.606 3.101 1.51 0.222 "setosa"
75 5.002 3.605 1.398 0.2 "setosa"
75 5.408 3.892 1.712 0.385 "setosa"
75 4.602 3.394 1.414 0.294 "setosa"
75 5.005 3.415 1.493 0.196 "setosa"
75 4.396 2.917 1.4 0.2 "setosa"
75 4.896 3.095 1.501 0.088 "setosa"
75 5.399 3.706 1.509 0.185 "setosa"
75 4.796 3.399 1.6 0.202 "setosa"
75 4.801 2.99 1.386 0.101 "setosa"
75 4.308 2.999 1.094 0.103 "setosa"
75 5.816 4 1.205 0.197 "setosa"
75 5.706 4.389 1.517 0.413 "setosa"
75 5.409 3.912 1.29 0.399 "setosa"
75 5.085 3.497 1.388 0.303 "setosa"
75 5.709 3.792 1.701 0.298 "setosa"
75 5.106 3.819 1.497 0.294 "setosa"
75 5.413 3.391 1.696 0.215 "setosa"
75 5.103 3.682 1.496 0.391 "setosa"
75 4.597 3.592 1.005 0.202 "setosa"
75 5.093 3.301 1.688 0.496 "setosa"
75 4.796 3.386 1.89 0.19 "setosa"
75 4.991 3.014 1.608 0.191 "setosa"
75 5.002 3.395 1.601 0.388 "setosa"
75 5.191 3.509 1.501 0.188 "setosa"
75 5.187 3.38 1.391 0.181 "setosa"
75 4.705 3.197 1.607 0.206 "setosa"
75 4.795 3.091 1.594 0.194 "setosa"
75 5.395 3.401 1.504 0.398 "setosa"
75 5.199 4.096 1.503 0.105 "setosa"
75 5.508 4.202 1.392 0.216 "setosa"
75 4.913 3.106 1.512 0.187 "setosa"
75 4.997 3.203 1.205 0.187 "setosa"
75 5.499 3.486 1.305 0.193 "setosa"
75 4.894 3.603 1.423 0.081 "setosa"
75 4.385 3.009 1.289 0.189 "setosa"
75 5.101 3.402 1.519 0.197 "setosa"
75 5.002 3.495 1.294 0.27 "setosa"
75 4.494 2.304 1.293 0.295 "setosa"
75 4.4 3.205 1.285 0.206 "setosa"
75 4.998 3.507 1.604 0.601 "setosa"
75 5.114 3.802 1.903 0.381 "setosa"
75 4.797 2.989 1.412 0.315 "setosa"
75 5.095 3.789 1.608 0.194 "setosa"
75 4.612 3.201 1.413 0.197 "setosa"
75 5.307 3.698 1.516 0.166 "setosa"
75 4.997 3.302 1.395 0.217 "setosa"
75 7.001 3.197 4.693 1.399 "versicolor"
75 6.4 3.212 4.495 1.487 "versicolor"
75 6.884 3.093 4.879 1.503 "versicolor"
75 5.502 2.302 4 1.327 "versicolor"
75 6.509 2.8 4.593 1.522 "versicolor"
75 5.702 2.797 4.507 1.294 "versicolor"
75 6.312 3.291 4.69 1.591 "versicolor"
75 4.9 2.395 3.315 0.993 "versicolor"
75 6.593 2.907 4.612 1.275 "versicolor"
75 5.208 2.708 3.902 1.412 "versicolor"
75 4.995 1.993 3.496 0.989 "versicolor"
75 5.894 3.002 4.208 1.502 "versicolor"
75 6.008 2.205 3.981 1.007 "versicolor"
75 6.124 2.908 4.716 1.393 "versicolor"
75 5.607 2.894 3.621 1.311 "versicolor"
75 6.705 3.092 4.416 1.404 "versicolor"
75 5.585 2.984 4.511 1.486 "versicolor"
75 5.801 2.712 4.113 0.991 "versicolor"
75 6.205 2.201 4.501 1.515 "versicolor"
75 5.591 2.502 3.886 1.095 "versicolor"
75 5.903 3.205 4.804 1.786 "versicolor"
75 6.096 2.81 3.991 1.298 "versicolor"
75 6.295 2.498 4.886 1.514 "versicolor"
75 6.108 2.797 4.697 1.213 "versicolor"
75 6.392 2.884 4.303 1.297 "versicolor"
75 6.607 3.003 4.402 1.403 "versicolor"
75 6.784 2.788 4.792 1.405 "versicolor"
75 6.705 3.001 4.992 1.71 "versicolor"
75 6.009 2.892 4.491 1.512 "versicolor"
75 5.728 2.597 3.505 1.009 "versicolor"
75 5.489 2.385 3.806 1.119 "versicolor"
75 5.488 2.404 3.701 1.003 "versicolor"
75 5.808 2.713 3.909 1.203 "versicolor"
75 5.993 2.712 5.09 1.596 "versicolor"
75 5.387 2.983 4.494 1.506 "versicolor"
75 6.003 3.411 4.498 1.605 "versicolor"
75 6.712 3.108 4.71 1.489 "versicolor"
75 6.312 2.306 4.401 1.316 "versicolor"
75 5.621 2.998 4.098 1.299 "versicolor"
75 5.496 2.498 4.01 1.279 "versicolor"
75 5.513 2.597 4.415 1.206 "versicolor"
75 6.119 3.008 4.603 1.394 "versicolor"
75 5.8 2.591 3.997 1.193 "versicolor"
75 4.989 2.304 3.297 1.015 "versicolor"
75 5.59 2.703 4.196 1.3 "versicolor"
75 5.692 2.999 4.194 1.196 "versicolor"
75 5.691 2.9 4.193 1.299 "versicolor"
75 6.196 2.913 4.293 1.296 "versicolor"
75 5.105 2.514 3.004 1.101 "versicolor"
75 5.676 2.785 4.116 1.284 "versicolor"
75 6.305 3.286 5.991 2.482 "virginica"
75 5.788 2.704 5.108 1.901 "virginica"
75 7.093 3.01 5.885 2.096 "virginica"
75 6.289 2.888 5.599 1.8 "virginica"
75 6.52 2.995 5.805 2.211 "virginica"
75 7.609 3.027 6.588 2.102 "virginica"
75 4.906 2.509 4.495 1.709 "virginica"
75 7.299 2.903 6.3 1.8 "virginica"
75 6.691 2.498 5.81 1.79 "virginica"
75 7.217 3.598 6.107 2.51 "virginica"
75 6.486 3.195 5.124 1.999 "virginica"
75 6.405 2.722 5.316 1.895 "virginica"
75 6.808 2.994 5.5 2.11 "virginica"
75 5.719 2.508 4.993 2.006 "virginica"
75 5.794 2.821 5.116 2.385 "virginica"
75 6.402 3.204 5.307 2.295 "virginica"
75 6.493 2.998 5.482 1.792 "virginica"
75 7.703 3.782 6.706 2.205 "virginica"
75 7.688 2.618 6.892 2.301 "virginica"
75 6.011 2.195 5 1.491 "virginica"
75 6.912 3.204 5.684 2.308 "virginica"
75 5.614 2.813 4.884 1.998 "virginica"
75 7.698 2.801 6.71 1.987 "virginica"
75 6.3 2.693 4.922 1.802 "virginica"
75 6.679 3.3 5.688 2.071 "virginica"
75 7.208 3.214 6.004 1.791 "virginica"
75 6.191 2.8 4.799 1.803 "virginica"
75 6.101 3.019 4.9 1.798 "virginica"
75 6.403 2.796 5.611 2.089 "virginica"
75 7.212 3.023 5.803 1.608 "virginica"
75 7.418 2.806 6.095 1.902 "virginica"
75 7.905 3.799 6.395 2.011 "virginica"
75 6.387 2.811 5.599 2.204 "virginica"
75 6.296 2.79 5.115 1.507 "virginica"
75 6.088 2.597 5.602 1.391 "virginica"
75 7.722 3.006 6.09 2.303 "virginica"
75 6.29 3.408 5.59 2.41 "virginica"
75 6.388 3.083 5.506 1.806 "virginica"
75 5.996 2.992 4.782 1.805 "virginica"
75 6.894 3.091 5.386 2.088 "virginica"
75 6.699 3.1 5.599 2.399 "virginica"
75 6.895 3.113 5.104 2.287 "virginica"
75 5.793 2.698 5.092 1.892 "virginica"
75 6.787 3.205 5.903 2.301 "virginica"
75 6.701 3.295 5.691 2.504 "virginica"
75 6.704 2.982 5.198 2.291 "virginica"
75 6.286 2.506 4.985 1.897 "virginica"
75 6.494 2.991 5.188 1.996 "virginica"
75 6.194 3.399 5.419 2.304 "virginica"
75 5.877 3.004 5.11 1.793 "virginica"
