90 5.088 3.5 1.381 0.197 "setosa"
90 4.9 2.996 1.398 0.191 "setosa"
90 4.714 3.193 1.302 0.194 "setosa"
90 4.596 3.114 1.5 0.197 "setosa"
90 4.984 3.606 1.39 0.18 "setosa"
90 5.383 3.902 1.698 0.387 "setosa"
90 4.59 3.388 1.411 0.31 "setosa"
90 4.992 3.405 1.491 0.202 "setosa"
90 4.419 2.919 1.421 0.192 "setosa"
90 4.895 3.116 1.489 0.096 "setosa"
90 5.394 3.702 1.509 0.203 "setosa"
90 4.789 3.398 1.598 0.212 "setosa"
90 4.808 3.001 1.414 0.09 "setosa"
90 4.288 3.02 1.104 0.107 "setosa"
90 5.807 4.012 1.205 0.203 "setosa"
90 5.697 4.408 1.494 0.407 "setosa"
90 5.404 3.902 1.303 0.407 "setosa"
90 5.092 3.511 1.404 0.289 "setosa"
90 5.696 3.794 1.683 0.303 "setosa"
90 5.098 3.814 1.493 0.303 "setosa"
90 5.407 3.42 1.712 0.208 "setosa"
90 5.097 3.711 1.497 0.406 "setosa"
90 4.59 3.598 1.003 0.216 "setosa"
90 5.112 3.301 1.699 0.509 "setosa"
90 4.787 3.413 1.882 0.203 "setosa"
90 5.001 2.991 1.597 0.193 "setosa"
90 4.998 3.402 1.592 0.402 "setosa"
90 5.208 3.49 1.5 0.206 "setosa"
90 5.205 3.404 1.38 0.183 "setosa"
90 4.688 3.202 1.609 0.19 "setosa"
90 4.79 3.084 1.603 0.192 "setosa"
90 5.389 3.403 1.505 0.394 "setosa"
90 5.212 4.088 1.495 0.098 "setosa"
90 5.502 4.211 1.403 0.216 "setosa"
90 4.894 3.105 1.512 0.208 "setosa"
90 5.009 3.216 1.208 0.194 "setosa"
90 5.515 3.514 1.302 0.218 "setosa"
90 4.903 3.603 1.399 0.101 "setosa"
90 4.388 3.008 1.296 0.198 "setosa"
90 5.089 3.407 1.503 0.205 "setosa"
90 4.998 3.509 1.299 0.289 "setosa"
90 4.501 2.298 1.302 0.298 "setosa"
90 4.393 3.21 1.312 0.211 "setosa"
90 5.002 3.51 1.598 0.6 "setosa"
90 5.086 3.8 1.909 0.403 "setosa"
90 4.792 3.003 1.406 0.29 "setosa"
90 5.078 3.797 1.609 0.182 "setosa"
90 4.59 3.203 1.401 0.198 "setosa"
90 5.336 3.696 1.486 0.21 "setosa"
90 4.997 3.307 1.389 0.182 "setosa"
90 6.986 3.201 4.704 1.403 "versicolor"
90 6.417 3.194 4.5 1.484 "versicolor"
90 6.91 3.103 4.908 1.509 "versicolor"
90 5.509 2.291 3.99 1.309 "versicolor"
90 6.505 2.804 4.587 1.499 "versicolor"
90 5.701 2.797 4.519 1.291 "versicolor"
90 6.306 3.304 4.704 1.607 "versicolor"
90 4.886 2.404 3.291 0.98 "versicolor"
90 6.576 2.891 4.592 1.3 "versicolor"
90 5.19 2.686 3.907 1.408 "versicolor"
90 5 1.989 3.501 1.032 "versicolor"
90 5.903 2.997 4.192 1.483 "versicolor"
90 5.993 2.199 4.009 1.004 "versicolor"
90 6.095 2.911 4.709 1.412 "versicolor"
90 5.609 2.9 3.599 1.296 "versicolor"
90 6.708 3.106 4.403 1.415 "versicolor"
90 5.607 3.006 4.512 1.501 "versicolor"
90 5.801 2.721 4.115 0.99 "versicolor"
90 6.197 2.192 4.498 1.491 "versicolor"
90 5.605 2.499 3.896 1.103 "versicolor"
90 5.895 3.205 4.815 1.794 "versicolor"
90 6.119 2.815 4.011 1.289 "versicolor"
90 6.282 2.488 4.894 1.502 "versicolor"
90 6.095 2.798 4.697 1.175 "versicolor"
90 6.393 2.894 4.308 1.299 "versicolor"
90 6.601 3.01 4.416 1.413 "versicolor"
90 6.808 2.794 4.812 1.422 "versicolor"
90 6.703 3.01 5.005 1.69 "versicolor"
90 6.008 2.9 4.513 1.496 "versicolor"
90 5.718 2.582 3.503 1.019 "versicolor"
90 5.503 2.392 3.803 1.1 "versicolor"
90 5.511 2.393 3.692 0.991 "versicolor"
90 5.798 2.693 3.912 1.198 "versicolor"
90 6.001 2.713 5.097 1.601 "versicolor"
90 5.406 2.997 4.491 1.5 "versicolor"
90 6.001 3.405 4.491 1.61 "versicolor"
90 6.691 3.097 4.714 1.499 "versicolor"
90 6.294 2.302 4.405 1.293 "versicolor"
90 5.605 2.996 4.093 1.294 "versicolor"
90 5.51 2.511 3.985 1.308 "versicolor"
90 5.512 2.595 4.394 1.19 "versicolor"
90 6.089 3.003 4.601 1.394 "versicolor"
90 5.805 2.59 4.003 1.202 "versicolor"
90 5.005 2.302 3.312 1.003 "versicolor"
90 5.605 2.698 4.195 1.292 "versicolor"
90 5.709 2.996 4.204 1.192 "versicolor"
90 5.711 2.896 4.203 1.288 "versicolor"
90 6.219 2.897 4.309 1.301 "versicolor"
90 5.105 2.503 2.992 1.098 "versicolor"
90 5.696 2.808 4.098 1.304 "versicolor"
90 6.287 3.3 5.987 2.502 "virginica"
90 5.792 2.688 5.098 1.888 "virginica"
90 7.101 3.012 5.891 2.097 "virginica"
90 6.277 2.896 5.595 1.799 "virginica"
90 6.494 2.995 5.793 2.203 "virginica"
90 7.6 3.011 6.591 2.104 "virginica"
90 4.914 2.497 4.503 1.684 "virginica"
90 7.299 2.907 6.299 1.796 "virginica"
90 6.708 2.513 5.812 1.809 "virginica"
90 7.204 3.6 6.096 2.498 "virginica"
90 6.494 3.202 5.108 2.008 "virginica"
90 6.403 2.701 5.303 1.915 "virginica"
90 6.8 2.988 5.494 2.103 "virginica"
90 5.705 2.493 4.979 1.975 "virginica"
90 5.803 2.804 5.101 2.42 "virginica"
90 6.384 3.197 5.307 2.294 "virginica"
90 6.499 3.009 5.502 1.782 "virginica"
90 7.693 3.8 6.688 2.187 "virginica"
90 7.689 2.615 6.896 2.302 "virginica"
90 6.008 2.192 5.004 1.507 "virginica"
90 6.904 3.214 5.701 2.324 "virginica"
90 5.597 2.802 4.897 1.995 "virginica"
90 7.696 2.797 6.71 1.996 "virginica"
90 6.304 2.698 4.894 1.823 "virginica"
90 6.697 3.313 5.69 2.103 "virginica"
90 7.201 3.205 5.997 1.801 "virginica"
90 6.189 2.792 4.796 1.801 "virginica"
90 6.101 3.019 4.91 1.797 "virginica"
90 6.42 2.8 5.585 2.096 "virginica"
90 7.186 3.012 5.782 1.606 "virginica"
90 7.4 2.802 6.112 1.893 "virginica"
90 7.885 3.786 6.414 2.001 "virginica"
90 6.391 2.799 5.611 2.207 "virginica"
90 6.291 2.778 5.108 1.489 "virginica"
90 6.11 2.616 5.584 1.407 "virginica"
90 7.703 3.008 6.093 2.282 "virginica"
90 6.302 3.38 5.605 2.393 "virginica"
90 6.403 3.093 5.492 1.811 "virginica"
90 6.011 3.011 4.796 1.799 "virginica"
90 6.899 3.115 5.408 2.095 "virginica"
90 6.698 3.095 5.591 2.401 "virginica"
90 6.906 3.089 5.096 2.296 "virginica"
90 5.78 2.7 5.1 1.898 "virginica"
90 6.805 3.197 5.903 2.29 "virginica"
90 6.709 3.314 5.686 2.502 "virginica"
90 6.696 2.994 5.199 2.293 "virginica"
90 6.288 2.48 5.002 1.908 "virginica"
90 6.518 3.016 5.199 2.015 "virginica"
90 6.208 3.386 5.399 2.3 "virginica"
90 5.9 3.001 5.122 1.81 "virginica"
