42 5.089 3.495 1.39 0.186 "setosa"
42 4.898 2.985 1.406 0.199 "setosa"
42 4.702 3.187 1.313 0.198 "setosa"
42 4.613 3.102 1.504 0.206 "setosa"
42 4.996 3.594 1.416 0.195 "setosa"
42 5.395 3.912 1.693 0.404 "setosa"
42 4.611 3.408 1.398 0.307 "setosa"
42 5.013 3.404 1.493 0.196 "setosa"
42 4.411 2.915 1.398 0.212 "setosa"
42 4.894 3.087 1.502 0.098 "setosa"
42 5.406 3.699 1.494 0.186 "setosa"
42 4.803 3.403 1.588 0.208 "setosa"
42 4.797 3.004 1.401 0.112 "setosa"
42 4.309 2.992 1.105 0.104 "setosa"
42 5.802 3.987 1.197 0.192 "setosa"
42 5.694 4.401 1.512 0.387 "setosa"
42 5.405 3.889 1.303 0.389 "setosa"
42 5.106 3.473 1.405 0.29 "setosa"
42 5.71 3.799 1.712 0.288 "setosa"
42 5.107 3.801 1.498 0.288 "setosa"
42 5.39 3.413 1.703 0.196 "setosa"
42 5.099 3.712 1.485 0.406 "setosa"
42 4.592 3.592 1 0.214 "setosa"
42 5.076 3.31 1.701 0.502 "setosa"
42 4.816 3.398 1.892 0.199 "setosa"
42 5.004 3.012 1.625 0.19 "setosa"
42 5.012 3.415 1.579 0.382 "setosa"
42 5.189 3.504 1.492 0.208 "setosa"
42 5.189 3.403 1.403 0.191 "setosa"
42 4.717 3.181 1.598 0.189 "setosa"
42 4.777 3.097 1.589 0.198 "setosa"
42 5.398 3.392 1.509 0.407 "setosa"
42 5.198 4.096 1.507 0.091 "setosa"
42 5.51 4.191 1.4 0.191 "setosa"
42 4.909 3.105 1.496 0.216 "setosa"
42 4.971 3.217 1.208 0.201 "setosa"
42 5.498 3.526 1.289 0.201 "setosa"
42 4.912 3.595 1.404 0.099 "setosa"
42 4.407 2.995 1.31 0.199 "setosa"
42 5.101 3.393 1.503 0.199 "setosa"
42 5.015 3.512 1.312 0.297 "setosa"
42 4.486 2.305 1.298 0.291 "setosa"
42 4.405 3.195 1.315 0.206 "setosa"
42 4.981 3.501 1.611 0.606 "setosa"
42 5.108 3.799 1.896 0.398 "setosa"
42 4.804 2.99 1.398 0.302 "setosa"
42 5.09 3.809 1.619 0.189 "setosa"
42 4.605 3.196 1.408 0.205 "setosa"
42 5.304 3.693 1.5 0.198 "setosa"
42 5.013 3.289 1.4 0.198 "setosa"
42 6.991 3.191 4.706 1.398 "versicolor"
42 6.403 3.206 4.488 1.508 "versicolor"
42 6.883 3.097 4.904 1.499 "versicolor"
42 5.495 2.296 4.003 1.304 "versicolor"
42 6.504 2.796 4.587 1.483 "versicolor"
42 5.709 2.797 4.503 1.305 "versicolor"
42 6.314 3.317 4.689 1.623 "versicolor"
42 4.899 2.404 3.314 1.008 "versicolor"
42 6.608 2.892 4.593 1.315 "versicolor"
42 5.2 2.701 3.914 1.399 "versicolor"
42 4.998 2.016 3.503 1.009 "versicolor"
42 5.906 2.988 4.197 1.493 "versicolor"
42 5.986 2.212 3.999 1.003 "versicolor"
42 6.114 2.906 4.698 1.398 "versicolor"
42 5.614 2.9 3.593 1.309 "versicolor"
42 6.72 3.083 4.396 1.414 "versicolor"
42 5.596 3.014 4.497 1.487 "versicolor"
42 5.792 2.696 4.103 1.002 "versicolor"
42 6.222 2.221 4.51 1.487 "versicolor"
42 5.583 2.504 3.914 1.103 "versicolor"
42 5.893 3.203 4.795 1.798 "versicolor"
42 6.101 2.82 3.992 1.304 "versicolor"
42 6.303 2.49 4.901 1.49 "versicolor"
42 6.094 2.803 4.685 1.196 "versicolor"
42 6.403 2.905 4.29 1.301 "versicolor"
42 6.593 3.003 4.392 1.387 "versicolor"
42 6.81 2.804 4.808 1.4 "versicolor"
42 6.704 3.005 4.982 1.699 "versicolor"
42 5.982 2.895 4.51 1.481 "versicolor"
42 5.713 2.621 3.491 0.997 "versicolor"
42 5.495 2.398 3.799 1.099 "versicolor"
42 5.507 2.38 3.707 0.996 "versicolor"
42 5.795 2.694 3.897 1.183 "versicolor"
42 6 2.696 5.077 1.597 "versicolor"
42 5.383 2.989 4.524 1.498 "versicolor"
42 5.981 3.399 4.504 1.61 "versicolor"
42 6.698 3.094 4.719 1.504 "versicolor"
42 6.294 2.301 4.4 1.299 "versicolor"
42 5.592 3.001 4.09 1.286 "versicolor"
42 5.48 2.515 4.005 1.299 "versicolor"
42 5.476 2.592 4.404 1.191 "versicolor"
42 6.096 2.992 4.602 1.398 "versicolor"
42 5.808 2.604 4.003 1.195 "versicolor"
42 5.011 2.303 3.302 1.001 "versicolor"
42 5.606 2.704 4.196 1.296 "versicolor"
42 5.696 2.989 4.18 1.193 "versicolor"
42 5.698 2.923 4.197 1.285 "versicolor"
42 6.208 2.905 4.298 1.294 "versicolor"
42 5.108 2.508 2.996 1.093 "versicolor"
42 5.705 2.799 4.109 1.294 "versicolor"
42 6.307 3.319 5.993 2.494 "virginica"
42 5.805 2.704 5.08 1.906 "virginica"
42 7.095 3.007 5.89 2.099 "virginica"
42 6.311 2.898 5.603 1.813 "virginica"
42 6.506 3.006 5.799 2.191 "virginica"
42 7.592 2.991 6.612 2.111 "virginica"
42 4.902 2.492 4.5 1.714 "virginica"
42 7.303 2.909 6.285 1.796 "virginica"
42 6.697 2.499 5.804 1.803 "virginica"
42 7.215 3.609 6.103 2.509 "virginica"
42 6.494 3.208 5.077 1.999 "virginica"
42 6.403 2.714 5.285 1.898 "virginica"
42 6.821 3.003 5.509 2.11 "virginica"
42 5.706 2.506 5.003 2 "virginica"
42 5.809 2.804 5.091 2.401 "virginica"
42 6.38 3.202 5.306 2.306 "virginica"
42 6.516 3 5.501 1.805 "virginica"
42 7.708 3.795 6.688 2.19 "virginica"
42 7.691 2.608 6.894 2.293 "virginica"
42 5.999 2.205 4.982 1.489 "virginica"
42 6.9 3.196 5.689 2.295 "virginica"
42 5.589 2.787 4.888 2.014 "virginica"
42 7.707 2.79 6.703 1.978 "virginica"
42 6.307 2.697 4.919 1.805 "virginica"
42 6.69 3.299 5.71 2.11 "virginica"
42 7.194 3.2 5.986 1.807 "virginica"
42 6.213 2.795 4.801 1.808 "virginica"
42 6.107 2.985 4.909 1.787 "virginica"
42 6.401 2.787 5.607 2.116 "virginica"
42 7.201 3.011 5.813 1.601 "virginica"
42 7.388 2.806 6.107 1.893 "virginica"
42 7.904 3.822 6.386 2.01 "virginica"
42 6.392 2.802 5.602 2.199 "virginica"
42 6.288 2.793 5.105 1.506 "virginica"
42 6.094 2.594 5.583 1.414 "virginica"
42 7.67 3 6.095 2.282 "virginica"
42 6.315 3.427 5.599 2.405 "virginica"
42 6.4 3.112 5.507 1.802 "virginica"
42 6.01 3.006 4.798 1.791 "virginica"
42 6.904 3.085 5.406 2.111 "virginica"
42 6.691 3.083 5.584 2.393 "virginica"
42 6.898 3.114 5.096 2.304 "virginica"
42 5.796 2.695 5.097 1.901 "virginica"
42 6.797 3.212 5.907 2.31 "virginica"
42 6.705 3.303 5.706 2.526 "virginica"
42 6.696 3.001 5.202 2.304 "virginica"
42 6.291 2.505 4.993 1.911 "virginica"
42 6.516 2.994 5.193 1.998 "virginica"
42 6.19 3.404 5.396 2.31 "virginica"
42 5.89 2.993 5.095 1.785 "virginica"
