94 5.077 3.509 1.398 0.201 "setosa"
94 4.9 2.993 1.405 0.201 "setosa"
94 4.691 3.203 1.3 0.196 "setosa"
94 4.578 3.091 1.492 0.205 "setosa"
94 5.008 3.601 1.4 0.206 "setosa"
94 5.406 3.888 1.715 0.404 "setosa"
94 4.602 3.387 1.394 0.287 "setosa"
94 4.997 3.409 1.509 0.215 "setosa"
94 4.399 2.894 1.397 0.2 "setosa"
94 4.889 3.091 1.5 0.095 "setosa"
94 5.41 3.707 1.512 0.21 "setosa"
94 4.802 3.395 1.599 0.206 "setosa"
94 4.797 3.002 1.402 0.101 "setosa"
94 4.284 3.007 1.098 0.094 "setosa"
94 5.798 4.005 1.209 0.223 "setosa"
94 5.694 4.407 1.495 0.385 "setosa"
94 5.416 3.903 1.305 0.39 "setosa"
94 5.086 3.488 1.393 0.31 "setosa"
94 5.705 3.799 1.711 0.287 "setosa"
94 5.122 3.799 1.503 0.301 "setosa"
94 5.407 3.401 1.702 0.198 "setosa"
94 5.093 3.67 1.499 0.406 "setosa"
94 4.594 3.587 1 0.205 "setosa"
94 5.103 3.289 1.708 0.509 "setosa"
94 4.795 3.395 1.901 0.218 "setosa"
94 4.99 2.984 1.605 0.196 "setosa"
94 4.999 3.393 1.624 0.404 "setosa"
94 5.199 3.478 1.487 0.202 "setosa"
94 5.194 3.393 1.41 0.189 "setosa"
94 4.686 3.194 1.588 0.201 "setosa"
94 4.816 3.111 1.597 0.185 "setosa"
94 5.413 3.392 1.493 0.402 "setosa"
94 5.191 4.091 1.491 0.09 "setosa"
94 5.486 4.192 1.397 0.2 "setosa"
94 4.882 3.091 1.493 0.188 "setosa"
94 4.996 3.201 1.189 0.171 "setosa"
94 5.495 3.483 1.308 0.215 "setosa"
94 4.908 3.599 1.408 0.096 "setosa"
94 4.406 3.005 1.308 0.194 "setosa"
94 5.102 3.371 1.501 0.211 "setosa"
94 4.997 3.504 1.299 0.302 "setosa"
94 4.492 2.301 1.282 0.309 "setosa"
94 4.4 3.194 1.314 0.189 "setosa"
94 4.996 3.5 1.615 0.606 "setosa"
94 5.106 3.794 1.912 0.389 "setosa"
94 4.813 3.001 1.383 0.297 "setosa"
94 5.11 3.797 1.596 0.184 "setosa"
94 4.617 3.194 1.401 0.198 "setosa"
94 5.3 3.708 1.491 0.199 "setosa"
94 4.994 3.317 1.403 0.206 "setosa"
94 7.007 3.188 4.718 1.399 "versicolor"
94 6.391 3.213 4.487 1.488 "versicolor"
94 6.909 3.1 4.908 1.501 "versicolor"
94 5.486 2.294 3.995 1.308 "versicolor"
94 6.489 2.796 4.615 1.493 "versicolor"
94 5.684 2.794 4.489 1.302 "versicolor"
94 6.303 3.298 4.696 1.593 "versicolor"
94 4.895 2.399 3.287 1.016 "versicolor"
94 6.593 2.901 4.605 1.308 "versicolor"
94 5.214 2.704 3.919 1.402 "versicolor"
94 5.008 2.007 3.498 0.988 "versicolor"
94 5.911 3.008 4.203 1.504 "versicolor"
94 5.995 2.21 4.002 0.995 "versicolor"
94 6.096 2.9 4.694 1.404 "versicolor"
94 5.601 2.91 3.613 1.299 "versicolor"
94 6.706 3.099 4.402 1.397 "versicolor"
94 5.599 3.002 4.502 1.493 "versicolor"
94 5.817 2.681 4.081 1.007 "versicolor"
94 6.219 2.212 4.505 1.515 "versicolor"
94 5.611 2.492 3.89 1.098 "versicolor"
94 5.907 3.202 4.802 1.784 "versicolor"
94 6.084 2.801 4.002 1.292 "versicolor"
94 6.299 2.512 4.91 1.499 "versicolor"
94 6.11 2.791 4.697 1.196 "versicolor"
94 6.421 2.911 4.312 1.286 "versicolor"
94 6.604 2.986 4.41 1.411 "versicolor"
94 6.805 2.808 4.797 1.392 "versicolor"
94 6.697 3.004 5.014 1.685 "versicolor"
94 6.003 2.883 4.493 1.491 "versicolor"
94 5.7 2.584 3.503 0.994 "versicolor"
94 5.514 2.402 3.797 1.096 "versicolor"
94 5.492 2.377 3.693 1.001 "versicolor"
94 5.792 2.709 3.916 1.178 "versicolor"
94 5.982 2.684 5.093 1.605 "versicolor"
94 5.387 3.01 4.497 1.497 "versicolor"
94 6.003 3.406 4.503 1.602 "versicolor"
94 6.715 3.112 4.701 1.505 "versicolor"
94 6.306 2.297 4.396 1.314 "versicolor"
94 5.582 3.006 4.093 1.298 "versicolor"
94 5.489 2.523 4.002 1.312 "versicolor"
94 5.499 2.59 4.401 1.195 "versicolor"
94 6.108 2.996 4.599 1.403 "versicolor"
94 5.806 2.607 4.024 1.188 "versicolor"
94 4.989 2.298 3.308 0.998 "versicolor"
94 5.593 2.71 4.197 1.282 "versicolor"
94 5.685 3 4.213 1.203 "versicolor"
94 5.701 2.92 4.185 1.295 "versicolor"
94 6.195 2.898 4.296 1.297 "versicolor"
94 5.091 2.499 3.002 1.098 "versicolor"
94 5.707 2.795 4.11 1.299 "versicolor"
94 6.296 3.306 6.002 2.503 "virginica"
94 5.807 2.71 5.098 1.899 "virginica"
94 7.114 2.983 5.911 2.101 "virginica"
94 6.286 2.911 5.596 1.809 "virginica"
94 6.509 3.001 5.789 2.203 "virginica"
94 7.601 2.99 6.604 2.099 "virginica"
94 4.905 2.494 4.482 1.702 "virginica"
94 7.298 2.913 6.287 1.796 "virginica"
94 6.692 2.494 5.802 1.781 "virginica"
94 7.202 3.582 6.106 2.502 "virginica"
94 6.492 3.203 5.104 1.995 "virginica"
94 6.42 2.69 5.312 1.902 "virginica"
94 6.789 2.996 5.505 2.1 "virginica"
94 5.709 2.495 5.008 1.997 "virginica"
94 5.798 2.815 5.11 2.402 "virginica"
94 6.395 3.214 5.314 2.287 "virginica"
94 6.494 2.998 5.489 1.803 "virginica"
94 7.703 3.81 6.691 2.208 "virginica"
94 7.704 2.609 6.89 2.293 "virginica"
94 5.968 2.202 5 1.506 "virginica"
94 6.907 3.192 5.665 2.29 "virginica"
94 5.61 2.792 4.9 1.976 "virginica"
94 7.682 2.791 6.701 1.993 "virginica"
94 6.296 2.71 4.898 1.784 "virginica"
94 6.678 3.302 5.71 2.098 "virginica"
94 7.215 3.216 5.994 1.806 "virginica"
94 6.23 2.791 4.794 1.787 "virginica"
94 6.11 3.013 4.897 1.794 "virginica"
94 6.402 2.808 5.58 2.09 "virginica"
94 7.22 3.031 5.81 1.574 "virginica"
94 7.394 2.811 6.111 1.904 "virginica"
94 7.908 3.785 6.404 1.984 "virginica"
94 6.408 2.804 5.595 2.202 "virginica"
94 6.318 2.794 5.094 1.499 "virginica"
94 6.092 2.594 5.602 1.368 "virginica"
94 7.703 3.007 6.105 2.285 "virginica"
94 6.306 3.393 5.608 2.406 "virginica"
94 6.402 3.096 5.497 1.791 "virginica"
94 6.011 3.001 4.795 1.787 "virginica"
94 6.893 3.086 5.392 2.11 "virginica"
94 6.71 3.104 5.595 2.409 "virginica"
94 6.893 3.086 5.109 2.3 "virginica"
94 5.821 2.702 5.111 1.902 "virginica"
94 6.803 3.2 5.929 2.296 "virginica"
94 6.717 3.311 5.695 2.517 "virginica"
94 6.693 3.016 5.201 2.297 "virginica"
94 6.296 2.495 4.987 1.888 "virginica"
94 6.511 2.993 5.194 1.982 "virginica"
94 6.213 3.384 5.382 2.296 "virginica"
94 5.918 2.998 5.104 1.793 "virginica"
