86 5.096 3.495 1.394 0.204 "setosa"
86 4.883 3 1.392 0.203 "setosa"
86 4.701 3.211 1.315 0.202 "setosa"
86 4.597 3.087 1.513 0.2 "setosa"
86 4.979 3.599 1.388 0.21 "setosa"
86 5.384 3.906 1.69 0.409 "setosa"
86 4.598 3.406 1.398 0.281 "setosa"
86 5.001 3.394 1.495 0.201 "setosa"
86 4.412 2.894 1.409 0.206 "setosa"
86 4.9 3.098 1.494 0.096 "setosa"
86 5.413 3.702 1.511 0.204 "setosa"
86 4.827 3.406 1.597 0.213 "setosa"
86 4.785 3.011 1.414 0.093 "setosa"
86 4.304 3 1.086 0.105 "setosa"
86 5.796 4.011 1.203 0.201 "setosa"
86 5.701 4.397 1.49 0.4 "setosa"
86 5.384 3.917 1.304 0.387 "setosa"
86 5.088 3.505 1.388 0.292 "setosa"
86 5.702 3.793 1.68 0.299 "setosa"
86 5.113 3.789 1.49 0.3 "setosa"
86 5.399 3.404 1.698 0.209 "setosa"
86 5.094 3.698 1.511 0.392 "setosa"
86 4.584 3.583 0.988 0.212 "setosa"
86 5.102 3.302 1.7 0.513 "setosa"
86 4.796 3.393 1.915 0.222 "setosa"
86 4.999 2.996 1.595 0.198 "setosa"
86 5.004 3.391 1.598 0.404 "setosa"
86 5.213 3.496 1.513 0.196 "setosa"
86 5.2 3.395 1.392 0.205 "setosa"
86 4.706 3.214 1.596 0.202 "setosa"
86 4.805 3.108 1.613 0.218 "setosa"
86 5.393 3.418 1.491 0.38 "setosa"
86 5.201 4.112 1.497 0.084 "setosa"
86 5.517 4.211 1.41 0.198 "setosa"
86 4.901 3.113 1.504 0.206 "setosa"
86 5.005 3.211 1.199 0.192 "setosa"
86 5.479 3.493 1.303 0.18 "setosa"
86 4.881 3.608 1.391 0.104 "setosa"
86 4.39 3.007 1.296 0.194 "setosa"
86 5.107 3.395 1.504 0.196 "setosa"
86 4.998 3.517 1.294 0.305 "setosa"
86 4.496 2.288 1.299 0.298 "setosa"
86 4.406 3.217 1.311 0.215 "setosa"
86 4.993 3.504 1.599 0.592 "setosa"
86 5.108 3.799 1.916 0.396 "setosa"
86 4.788 3.01 1.401 0.303 "setosa"
86 5.086 3.807 1.596 0.199 "setosa"
86 4.595 3.202 1.403 0.176 "setosa"
86 5.289 3.713 1.511 0.201 "setosa"
86 4.985 3.287 1.406 0.193 "setosa"
86 6.988 3.222 4.694 1.416 "versicolor"
86 6.405 3.218 4.499 1.497 "versicolor"
86 6.907 3.111 4.889 1.49 "versicolor"
86 5.509 2.295 3.997 1.297 "versicolor"
86 6.507 2.801 4.588 1.498 "versicolor"
86 5.696 2.791 4.496 1.315 "versicolor"
86 6.303 3.298 4.702 1.608 "versicolor"
86 4.915 2.402 3.311 0.985 "versicolor"
86 6.607 2.915 4.614 1.292 "versicolor"
86 5.189 2.709 3.9 1.396 "versicolor"
86 4.988 2.009 3.505 0.983 "versicolor"
86 5.914 2.978 4.202 1.488 "versicolor"
86 5.991 2.192 4.005 1.006 "versicolor"
86 6.11 2.897 4.708 1.413 "versicolor"
86 5.594 2.893 3.609 1.286 "versicolor"
86 6.71 3.092 4.378 1.397 "versicolor"
86 5.61 2.996 4.491 1.492 "versicolor"
86 5.792 2.71 4.1 0.985 "versicolor"
86 6.203 2.206 4.489 1.504 "versicolor"
86 5.608 2.507 3.909 1.092 "versicolor"
86 5.911 3.192 4.798 1.802 "versicolor"
86 6.108 2.787 3.993 1.314 "versicolor"
86 6.28 2.5 4.893 1.496 "versicolor"
86 6.099 2.797 4.704 1.216 "versicolor"
86 6.393 2.896 4.288 1.315 "versicolor"
86 6.599 3.003 4.396 1.409 "versicolor"
86 6.812 2.8 4.777 1.41 "versicolor"
86 6.688 2.982 4.991 1.709 "versicolor"
86 6.007 2.897 4.489 1.493 "versicolor"
86 5.73 2.601 3.495 1.008 "versicolor"
86 5.497 2.411 3.796 1.107 "versicolor"
86 5.508 2.394 3.699 1.003 "versicolor"
86 5.803 2.694 3.904 1.212 "versicolor"
86 5.993 2.705 5.101 1.59 "versicolor"
86 5.405 3 4.504 1.501 "versicolor"
86 5.983 3.393 4.495 1.603 "versicolor"
86 6.719 3.101 4.691 1.511 "versicolor"
86 6.308 2.291 4.382 1.301 "versicolor"
86 5.608 3.013 4.119 1.296 "versicolor"
86 5.509 2.512 4.001 1.293 "versicolor"
86 5.494 2.588 4.399 1.189 "versicolor"
86 6.122 3.007 4.593 1.381 "versicolor"
86 5.824 2.602 4.003 1.192 "versicolor"
86 4.998 2.311 3.296 0.994 "versicolor"
86 5.619 2.691 4.224 1.309 "versicolor"
86 5.693 2.994 4.19 1.203 "versicolor"
86 5.703 2.895 4.198 1.299 "versicolor"
86 6.192 2.895 4.295 1.318 "versicolor"
86 5.086 2.504 2.996 1.108 "versicolor"
86 5.691 2.791 4.095 1.304 "versicolor"
86 6.292 3.299 6.002 2.495 "virginica"
86 5.8 2.696 5.098 1.916 "virginica"
86 7.093 2.994 5.908 2.078 "virginica"
86 6.298 2.894 5.604 1.81 "virginica"
86 6.497 2.991 5.783 2.201 "virginica"
86 7.61 3.026 6.596 2.103 "virginica"
86 4.911 2.497 4.514 1.707 "virginica"
86 7.309 2.905 6.285 1.804 "virginica"
86 6.709 2.505 5.817 1.796 "virginica"
86 7.203 3.616 6.086 2.492 "virginica"
86 6.509 3.219 5.105 1.978 "virginica"
86 6.404 2.716 5.285 1.904 "virginica"
86 6.802 3.008 5.491 2.105 "virginica"
86 5.709 2.508 5.011 2.007 "virginica"
86 5.789 2.808 5.094 2.415 "virginica"
86 6.405 3.207 5.298 2.293 "virginica"
86 6.515 3.01 5.494 1.781 "virginica"
86 7.703 3.793 6.714 2.206 "virginica"
86 7.699 2.608 6.888 2.288 "virginica"
86 6.012 2.198 5.01 1.491 "virginica"
86 6.902 3.173 5.704 2.324 "virginica"
86 5.615 2.772 4.898 1.992 "virginica"
86 7.689 2.809 6.7 2.004 "virginica"
86 6.297 2.701 4.908 1.807 "virginica"
86 6.705 3.289 5.699 2.099 "virginica"
86 7.214 3.206 6.005 1.796 "virginica"
86 6.212 2.791 4.784 1.784 "virginica"
86 6.102 2.995 4.914 1.785 "virginica"
86 6.405 2.806 5.61 2.102 "virginica"
86 7.194 3.006 5.796 1.587 "virginica"
86 7.405 2.791 6.11 1.907 "virginica"
86 7.897 3.811 6.391 2.016 "virginica"
86 6.416 2.791 5.597 2.208 "virginica"
86 6.299 2.782 5.109 1.498 "virginica"
86 6.105 2.603 5.587 1.407 "virginica"
86 7.715 3.002 6.114 2.309 "virginica"
86 6.301 3.396 5.58 2.402 "virginica"
86 6.403 3.093 5.491 1.813 "virginica"
86 6.001 3.005 4.791 1.813 "virginica"
86 6.918 3.109 5.389 2.086 "virginica"
86 6.707 3.116 5.59 2.4 "virginica"
86 6.914 3.123 5.099 2.307 "virginica"
86 5.804 2.681 5.107 1.909 "virginica"
86 6.81 3.201 5.909 2.3 "virginica"
86 6.705 3.304 5.705 2.521 "virginica"
86 6.715 3.001 5.195 2.292 "virginica"
86 6.295 2.481 5.016 1.908 "virginica"
86 6.507 3.004 5.189 1.986 "virginica"
86 6.203 3.406 5.402 2.304 "virginica"
86 5.898 3.003 5.096 1.785 "virginica"
