24 5.086 3.515 1.392 0.203 "setosa"
24 4.896 2.999 1.407 0.202 "setosa"
24 4.701 3.21 1.301 0.199 "setosa"
24 4.596 3.113 1.516 0.188 "setosa"
24 5.008 3.605 1.408 0.197 "setosa"
24 5.4 3.896 1.706 0.393 "setosa"
24 4.592 3.407 1.4 0.306 "setosa"
24 5.001 3.408 1.485 0.186 "setosa"
24 4.419 2.918 1.4 0.188 "setosa"
24 4.904 3.091 1.501 0.098 "setosa"
24 5.396 3.697 1.492 0.198 "setosa"
24 4.797 3.396 1.608 0.216 "setosa"
24 4.807 3.004 1.415 0.104 "setosa"
24 4.293 3.003 1.094 0.095 "setosa"
24 5.799 4.001 1.201 0.206 "setosa"
24 5.686 4.421 1.499 0.407 "setosa"
24 5.399 3.892 1.29 0.413 "setosa"
24 5.102 3.5 1.399 0.294 "setosa"
24 5.703 3.792 1.71 0.292 "setosa"
24 5.099 3.8 1.509 0.291 "setosa"
24 5.407 3.391 1.684 0.175 "setosa"
24 5.11 3.714 1.495 0.399 "setosa"
24 4.608 3.605 0.997 0.193 "setosa"
24 5.105 3.32 1.69 0.491 "setosa"
24 4.807 3.403 1.897 0.184 "setosa"
24 5.01 3.012 1.601 0.213 "setosa"
24 5.003 3.404 1.601 0.378 "setosa"
24 5.204 3.512 1.497 0.204 "setosa"
24 5.221 3.402 1.397 0.199 "setosa"
24 4.707 3.19 1.595 0.21 "setosa"
24 4.799 3.091 1.594 0.208 "setosa"
24 5.394 3.401 1.497 0.397 "setosa"
24 5.219 4.103 1.513 0.109 "setosa"
24 5.495 4.194 1.421 0.195 "setosa"
24 4.916 3.106 1.486 0.201 "setosa"
24 5.014 3.202 1.233 0.196 "setosa"
24 5.483 3.503 1.288 0.201 "setosa"
24 4.906 3.607 1.39 0.093 "setosa"
24 4.398 2.999 1.308 0.207 "setosa"
24 5.111 3.383 1.486 0.208 "setosa"
24 4.995 3.508 1.308 0.297 "setosa"
24 4.51 2.304 1.304 0.291 "setosa"
24 4.381 3.222 1.301 0.211 "setosa"
24 5.007 3.477 1.59 0.591 "setosa"
24 5.099 3.806 1.887 0.396 "setosa"
24 4.804 2.993 1.397 0.296 "setosa"
24 5.102 3.793 1.613 0.196 "setosa"
24 4.608 3.19 1.408 0.189 "setosa"
24 5.312 3.695 1.499 0.192 "setosa"
24 5.006 3.294 1.412 0.214 "setosa"
24 7.006 3.206 4.701 1.384 "versicolor"
24 6.407 3.179 4.501 1.512 "versicolor"
24 6.896 3.123 4.895 1.489 "versicolor"
24 5.492 2.324 3.992 1.302 "versicolor"
24 6.517 2.799 4.585 1.494 "versicolor"
24 5.702 2.795 4.502 1.293 "versicolor"
24 6.312 3.305 4.692 1.606 "versicolor"
24 4.877 2.391 3.295 0.986 "versicolor"
24 6.6 2.887 4.606 1.312 "versicolor"
24 5.198 2.698 3.894 1.404 "versicolor"
24 5.005 2.012 3.495 0.999 "versicolor"
24 5.888 3.008 4.201 1.505 "versicolor"
24 5.988 2.208 4 1.002 "versicolor"
24 6.1 2.904 4.681 1.396 "versicolor"
24 5.599 2.902 3.608 1.312 "versicolor"
24 6.7 3.109 4.391 1.39 "versicolor"
24 5.614 2.998 4.509 1.488 "versicolor"
24 5.802 2.692 4.095 0.98 "versicolor"
24 6.218 2.184 4.493 1.497 "versicolor"
24 5.61 2.504 3.909 1.09 "versicolor"
24 5.891 3.195 4.803 1.81 "versicolor"
24 6.101 2.79 4.009 1.319 "versicolor"
24 6.301 2.494 4.915 1.508 "versicolor"
24 6.09 2.795 4.701 1.196 "versicolor"
24 6.403 2.895 4.313 1.304 "versicolor"
24 6.587 2.993 4.409 1.393 "versicolor"
24 6.808 2.8 4.804 1.41 "versicolor"
24 6.696 2.999 5.005 1.707 "versicolor"
24 6.004 2.897 4.51 1.489 "versicolor"
24 5.686 2.607 3.494 1.009 "versicolor"
24 5.505 2.403 3.811 1.101 "versicolor"
24 5.505 2.407 3.699 1.001 "versicolor"
24 5.789 2.705 3.891 1.199 "versicolor"
24 5.992 2.712 5.097 1.61 "versicolor"
24 5.409 3.009 4.505 1.498 "versicolor"
24 6.002 3.401 4.515 1.594 "versicolor"
24 6.713 3.093 4.704 1.515 "versicolor"
24 6.298 2.29 4.399 1.284 "versicolor"
24 5.595 3.012 4.109 1.298 "versicolor"
24 5.512 2.507 3.997 1.297 "versicolor"
24 5.503 2.603 4.408 1.204 "versicolor"
24 6.097 3 4.6 1.401 "versicolor"
24 5.79 2.589 4.001 1.198 "versicolor"
24 4.971 2.302 3.299 1.017 "versicolor"
24 5.605 2.707 4.217 1.305 "versicolor"
24 5.689 3.001 4.213 1.2 "versicolor"
24 5.692 2.907 4.186 1.297 "versicolor"
24 6.179 2.911 4.28 1.317 "versicolor"
24 5.086 2.519 3.008 1.099 "versicolor"
24 5.703 2.806 4.107 1.303 "versicolor"
24 6.288 3.28 6.008 2.513 "virginica"
24 5.815 2.701 5.095 1.905 "virginica"
24 7.099 3.01 5.921 2.109 "virginica"
24 6.314 2.894 5.61 1.8 "virginica"
24 6.5 3.016 5.812 2.199 "virginica"
24 7.592 3.002 6.592 2.089 "virginica"
24 4.897 2.518 4.509 1.705 "virginica"
24 7.309 2.918 6.305 1.81 "virginica"
24 6.722 2.499 5.803 1.789 "virginica"
24 7.207 3.598 6.09 2.508 "virginica"
24 6.496 3.208 5.113 2.008 "virginica"
24 6.41 2.686 5.296 1.887 "virginica"
24 6.775 3.006 5.518 2.102 "virginica"
24 5.694 2.511 5.015 2.002 "virginica"
24 5.79 2.806 5.1 2.421 "virginica"
24 6.412 3.201 5.317 2.299 "virginica"
24 6.503 2.999 5.508 1.805 "virginica"
24 7.699 3.797 6.689 2.201 "virginica"
24 7.703 2.6 6.891 2.3 "virginica"
24 5.989 2.213 4.996 1.498 "virginica"
24 6.909 3.198 5.71 2.294 "virginica"
24 5.598 2.821 4.904 1.993 "virginica"
24 7.704 2.8 6.697 2.012 "virginica"
24 6.292 2.712 4.896 1.809 "virginica"
24 6.702 3.279 5.694 2.098 "virginica"
24 7.192 3.2 6.001 1.788 "virginica"
24 6.197 2.795 4.793 1.803 "virginica"
24 6.111 2.997 4.905 1.803 "virginica"
24 6.397 2.808 5.605 2.115 "virginica"
24 7.198 2.977 5.812 1.6 "virginica"
24 7.416 2.798 6.099 1.898 "virginica"
24 7.909 3.814 6.395 1.996 "virginica"
24 6.405 2.79 5.596 2.201 "virginica"
24 6.282 2.796 5.103 1.499 "virginica"
24 6.102 2.603 5.592 1.389 "virginica"
24 7.711 3.009 6.116 2.293 "virginica"
24 6.307 3.41 5.607 2.395 "virginica"
24 6.399 3.092 5.51 1.799 "virginica"
24 5.997 2.989 4.791 1.806 "virginica"
24 6.898 3.104 5.424 2.1 "virginica"
24 6.706 3.113 5.617 2.396 "virginica"
24 6.895 3.076 5.104 2.271 "virginica"
24 5.801 2.7 5.111 1.917 "virginica"
24 6.798 3.205 5.907 2.293 "virginica"
24 6.685 3.284 5.703 2.498 "virginica"
24 6.687 2.989 5.181 2.303 "virginica"
24 6.303 2.52 5.017 1.898 "virginica"
24 6.498 3.008 5.187 2.011 "virginica"
24 6.21 3.418 5.383 2.296 "virginica"
24 5.915 3.01 5.112 1.785 "virginica"
