88 5.111 3.496 1.408 0.194 "setosa"
88 4.888 3 1.402 0.191 "setosa"
88 4.683 3.196 1.295 0.197 "setosa"
88 4.61 3.088 1.505 0.194 "setosa"
88 4.997 3.606 1.404 0.214 "setosa"
88 5.419 3.897 1.702 0.389 "setosa"
88 4.612 3.394 1.404 0.305 "setosa"
88 4.993 3.405 1.498 0.2 "setosa"
88 4.405 2.884 1.415 0.213 "setosa"
88 4.902 3.089 1.492 0.115 "setosa"
88 5.4 3.694 1.489 0.199 "setosa"
88 4.82 3.376 1.599 0.218 "setosa"
88 4.803 3.012 1.404 0.114 "setosa"
88 4.281 2.989 1.111 0.088 "setosa"
88 5.8 4.003 1.188 0.196 "setosa"
88 5.697 4.388 1.505 0.4 "setosa"
88 5.407 3.869 1.295 0.401 "setosa"
88 5.094 3.484 1.391 0.306 "setosa"
88 5.682 3.808 1.71 0.303 "setosa"
88 5.095 3.807 1.517 0.327 "setosa"
88 5.394 3.376 1.709 0.196 "setosa"
88 5.099 3.691 1.504 0.412 "setosa"
88 4.615 3.607 0.998 0.198 "setosa"
88 5.087 3.288 1.69 0.518 "setosa"
88 4.807 3.396 1.897 0.19 "setosa"
88 5.024 3.015 1.583 0.21 "setosa"
88 5.004 3.39 1.6 0.393 "setosa"
88 5.195 3.495 1.509 0.189 "setosa"
88 5.202 3.403 1.385 0.213 "setosa"
88 4.692 3.213 1.592 0.201 "setosa"
88 4.805 3.116 1.613 0.206 "setosa"
88 5.407 3.408 1.489 0.403 "setosa"
88 5.193 4.107 1.498 0.096 "setosa"
88 5.501 4.192 1.408 0.193 "setosa"
88 4.899 3.092 1.507 0.2 "setosa"
88 4.997 3.206 1.198 0.189 "setosa"
88 5.506 3.494 1.305 0.203 "setosa"
88 4.9 3.614 1.408 0.092 "setosa"
88 4.416 3.005 1.307 0.203 "setosa"
88 5.114 3.4 1.507 0.219 "setosa"
88 4.993 3.501 1.299 0.31 "setosa"
88 4.502 2.294 1.295 0.3 "setosa"
88 4.393 3.199 1.311 0.196 "setosa"
88 4.996 3.499 1.608 0.587 "setosa"
88 5.095 3.778 1.897 0.412 "setosa"
88 4.808 3.007 1.381 0.298 "setosa"
88 5.11 3.787 1.59 0.189 "setosa"
88 4.614 3.192 1.407 0.197 "setosa"
88 5.298 3.706 1.509 0.205 "setosa"
88 4.999 3.276 1.399 0.222 "setosa"
88 7.007 3.196 4.695 1.376 "versicolor"
88 6.399 3.193 4.502 1.514 "versicolor"
88 6.893 3.095 4.911 1.49 "versicolor"
88 5.489 2.296 3.983 1.294 "versicolor"
88 6.488 2.792 4.596 1.494 "versicolor"
88 5.702 2.784 4.519 1.306 "versicolor"
88 6.294 3.313 4.699 1.602 "versicolor"
88 4.905 2.408 3.32 0.994 "versicolor"
88 6.603 2.9 4.601 1.294 "versicolor"
88 5.194 2.677 3.893 1.39 "versicolor"
88 4.985 1.992 3.488 1.018 "versicolor"
88 5.887 2.988 4.208 1.479 "versicolor"
88 6.021 2.212 4.01 0.994 "versicolor"
88 6.095 2.909 4.705 1.388 "versicolor"
88 5.599 2.904 3.601 1.308 "versicolor"
88 6.701 3.089 4.395 1.391 "versicolor"
88 5.602 3 4.514 1.508 "versicolor"
88 5.796 2.697 4.113 1.002 "versicolor"
88 6.181 2.186 4.515 1.489 "versicolor"
88 5.602 2.5 3.898 1.093 "versicolor"
88 5.901 3.187 4.806 1.806 "versicolor"
88 6.092 2.795 3.999 1.297 "versicolor"
88 6.29 2.488 4.903 1.507 "versicolor"
88 6.102 2.823 4.699 1.191 "versicolor"
88 6.388 2.907 4.286 1.299 "versicolor"
88 6.592 3.003 4.385 1.401 "versicolor"
88 6.802 2.806 4.816 1.38 "versicolor"
88 6.691 3 5.012 1.689 "versicolor"
88 6.002 2.903 4.503 1.492 "versicolor"
88 5.693 2.609 3.505 1.005 "versicolor"
88 5.497 2.419 3.804 1.094 "versicolor"
88 5.504 2.414 3.687 0.996 "versicolor"
88 5.804 2.698 3.89 1.2 "versicolor"
88 5.991 2.703 5.089 1.595 "versicolor"
88 5.394 2.996 4.484 1.502 "versicolor"
88 5.994 3.388 4.496 1.572 "versicolor"
88 6.7 3.092 4.702 1.486 "versicolor"
88 6.298 2.286 4.389 1.297 "versicolor"
88 5.605 2.986 4.103 1.309 "versicolor"
88 5.494 2.488 3.996 1.306 "versicolor"
88 5.491 2.601 4.413 1.203 "versicolor"
88 6.114 2.998 4.608 1.409 "versicolor"
88 5.807 2.597 4.01 1.199 "versicolor"
88 4.991 2.304 3.306 0.992 "versicolor"
88 5.606 2.709 4.197 1.301 "versicolor"
88 5.691 2.987 4.194 1.215 "versicolor"
88 5.701 2.901 4.185 1.316 "versicolor"
88 6.2 2.89 4.312 1.277 "versicolor"
88 5.114 2.515 2.992 1.119 "versicolor"
88 5.709 2.805 4.104 1.299 "versicolor"
88 6.311 3.289 5.998 2.513 "virginica"
88 5.805 2.689 5.115 1.918 "virginica"
88 7.097 3.009 5.894 2.107 "virginica"
88 6.283 2.91 5.596 1.805 "virginica"
88 6.496 3.015 5.773 2.205 "virginica"
88 7.607 3.002 6.623 2.106 "virginica"
88 4.895 2.499 4.493 1.722 "virginica"
88 7.299 2.899 6.296 1.793 "virginica"
88 6.701 2.494 5.793 1.79 "virginica"
88 7.181 3.598 6.104 2.503 "virginica"
88 6.475 3.203 5.092 2.004 "virginica"
88 6.398 2.709 5.32 1.904 "virginica"
88 6.805 2.996 5.491 2.111 "virginica"
88 5.719 2.502 4.992 1.995 "virginica"
88 5.794 2.812 5.102 2.417 "virginica"
88 6.385 3.179 5.292 2.328 "virginica"
88 6.488 2.999 5.506 1.802 "virginica"
88 7.715 3.789 6.688 2.198 "virginica"
88 7.691 2.615 6.914 2.307 "virginica"
88 6.007 2.193 5.007 1.48 "virginica"
88 6.905 3.199 5.682 2.299 "virginica"
88 5.593 2.787 4.883 1.984 "virginica"
88 7.699 2.812 6.704 2.015 "virginica"
88 6.299 2.697 4.89 1.797 "virginica"
88 6.705 3.311 5.693 2.098 "virginica"
88 7.189 3.206 6.001 1.804 "virginica"
88 6.209 2.782 4.791 1.787 "virginica"
88 6.105 2.984 4.881 1.795 "virginica"
88 6.419 2.794 5.61 2.112 "virginica"
88 7.201 2.986 5.796 1.601 "virginica"
88 7.382 2.801 6.088 1.903 "virginica"
88 7.897 3.788 6.41 2.012 "virginica"
88 6.398 2.8 5.599 2.192 "virginica"
88 6.268 2.814 5.107 1.517 "virginica"
88 6.104 2.586 5.597 1.414 "virginica"
88 7.718 3.01 6.098 2.29 "virginica"
88 6.3 3.408 5.602 2.4 "virginica"
88 6.412 3.114 5.509 1.8 "virginica"
88 6.02 2.989 4.8 1.799 "virginica"
88 6.901 3.107 5.406 2.109 "virginica"
88 6.688 3.093 5.613 2.404 "virginica"
88 6.909 3.097 5.109 2.311 "virginica"
88 5.788 2.697 5.11 1.909 "virginica"
88 6.803 3.215 5.893 2.325 "virginica"
88 6.697 3.287 5.707 2.504 "virginica"
88 6.719 2.996 5.198 2.307 "virginica"
88 6.287 2.487 4.989 1.9 "virginica"
88 6.494 3.006 5.2 2 "virginica"
88 6.193 3.405 5.4 2.296 "virginica"
88 5.889 2.974 5.101 1.789 "virginica"
