43 5.095 3.495 1.396 0.202 "setosa"
43 4.919 2.999 1.41 0.197 "setosa"
43 4.697 3.198 1.311 0.189 "setosa"
43 4.615 3.105 1.507 0.212 "setosa"
43 5.033 3.614 1.404 0.205 "setosa"
43 5.388 3.887 1.699 0.399 "setosa"
43 4.619 3.403 1.4 0.287 "setosa"
43 4.997 3.415 1.518 0.196 "setosa"
43 4.387 2.917 1.413 0.199 "setosa"
43 4.912 3.109 1.488 0.095 "setosa"
43 5.401 3.694 1.48 0.199 "setosa"
43 4.786 3.414 1.59 0.209 "setosa"
43 4.807 3 1.406 0.107 "setosa"
43 4.299 3 1.082 0.1 "setosa"
43 5.804 4 1.213 0.193 "setosa"
43 5.709 4.407 1.496 0.413 "setosa"
43 5.4 3.909 1.323 0.383 "setosa"
43 5.088 3.487 1.419 0.306 "setosa"
43 5.703 3.795 1.699 0.309 "setosa"
43 5.094 3.817 1.506 0.314 "setosa"
43 5.41 3.397 1.694 0.229 "setosa"
43 5.106 3.699 1.493 0.398 "setosa"
43 4.601 3.594 0.992 0.2 "setosa"
43 5.103 3.291 1.703 0.509 "setosa"
43 4.806 3.404 1.896 0.214 "setosa"
43 4.993 3 1.614 0.212 "setosa"
43 5.009 3.408 1.597 0.401 "setosa"
43 5.202 3.497 1.498 0.184 "setosa"
43 5.182 3.401 1.407 0.208 "setosa"
43 4.704 3.219 1.595 0.193 "setosa"
43 4.805 3.09 1.618 0.2 "setosa"
43 5.394 3.397 1.514 0.382 "setosa"
43 5.188 4.098 1.507 0.103 "setosa"
43 5.501 4.205 1.398 0.192 "setosa"
43 4.892 3.101 1.495 0.199 "setosa"
43 5.003 3.205 1.205 0.201 "setosa"
43 5.507 3.5 1.294 0.216 "setosa"
43 4.897 3.605 1.4 0.108 "setosa"
43 4.389 2.99 1.307 0.195 "setosa"
43 5.097 3.384 1.499 0.204 "setosa"
43 4.984 3.492 1.303 0.312 "setosa"
43 4.518 2.307 1.311 0.298 "setosa"
43 4.396 3.221 1.293 0.218 "setosa"
43 4.995 3.506 1.59 0.607 "setosa"
43 5.124 3.805 1.895 0.387 "setosa"
43 4.803 2.993 1.392 0.295 "setosa"
43 5.113 3.82 1.613 0.209 "setosa"
43 4.588 3.198 1.395 0.215 "setosa"
43 5.299 3.725 1.496 0.225 "setosa"
43 5.003 3.3 1.413 0.203 "setosa"
43 7 3.204 4.708 1.401 "versicolor"
43 6.425 3.21 4.501 1.504 "versicolor"
43 6.9 3.113 4.902 1.512 "versicolor"
43 5.496 2.302 3.99 1.285 "versicolor"
43 6.504 2.822 4.598 1.512 "versicolor"
43 5.711 2.816 4.492 1.316 "versicolor"
43 6.312 3.31 4.705 1.594 "versicolor"
43 4.905 2.391 3.311 1.014 "versicolor"
43 6.619 2.895 4.6 1.292 "versicolor"
43 5.197 2.698 3.907 1.413 "versicolor"
43 5.002 1.991 3.484 0.986 "versicolor"
43 5.896 2.998 4.197 1.51 "versicolor"
43 6.001 2.201 4.007 0.994 "versicolor"
43 6.091 2.905 4.71 1.409 "versicolor"
43 5.608 2.878 3.598 1.309 "versicolor"
43 6.7 3.09 4.394 1.387 "versicolor"
43 5.606 2.996 4.504 1.503 "versicolor"
43 5.802 2.684 4.101 0.999 "versicolor"
43 6.206 2.202 4.512 1.511 "versicolor"
43 5.596 2.504 3.914 1.094 "versicolor"
43 5.893 3.203 4.813 1.787 "versicolor"
43 6.107 2.792 3.995 1.297 "versicolor"
43 6.305 2.517 4.909 1.502 "versicolor"
43 6.105 2.802 4.686 1.194 "versicolor"
43 6.411 2.901 4.293 1.29 "versicolor"
43 6.593 2.981 4.419 1.392 "versicolor"
43 6.81 2.806 4.792 1.407 "versicolor"
43 6.695 2.995 4.977 1.708 "versicolor"
43 5.979 2.907 4.49 1.497 "versicolor"
43 5.689 2.596 3.498 1.001 "versicolor"
43 5.485 2.398 3.811 1.101 "versicolor"
43 5.505 2.409 3.689 1.002 "versicolor"
43 5.805 2.71 3.883 1.191 "versicolor"
43 5.995 2.702 5.112 1.601 "versicolor"
43 5.39 2.988 4.485 1.497 "versicolor"
43 5.989 3.408 4.489 1.608 "versicolor"
43 6.694 3.105 4.7 1.493 "versicolor"
43 6.293 2.308 4.398 1.32 "versicolor"
43 5.594 3.025 4.086 1.31 "versicolor"
43 5.48 2.506 3.996 1.295 "versicolor"
43 5.505 2.603 4.383 1.175 "versicolor"
43 6.09 3.01 4.597 1.41 "versicolor"
43 5.799 2.587 3.984 1.206 "versicolor"
43 5.005 2.295 3.302 0.997 "versicolor"
43 5.618 2.699 4.198 1.291 "versicolor"
43 5.714 3.015 4.223 1.187 "versicolor"
43 5.711 2.908 4.194 1.301 "versicolor"
43 6.186 2.911 4.296 1.292 "versicolor"
43 5.091 2.486 3.002 1.093 "versicolor"
43 5.697 2.794 4.11 1.289 "versicolor"
43 6.302 3.307 5.992 2.501 "virginica"
43 5.791 2.697 5.103 1.902 "virginica"
43 7.088 3.011 5.882 2.09 "virginica"
43 6.292 2.896 5.606 1.815 "virginica"
43 6.504 3.004 5.796 2.217 "virginica"
43 7.608 2.991 6.607 2.076 "virginica"
43 4.888 2.495 4.482 1.69 "virginica"
43 7.307 2.904 6.292 1.794 "virginica"
43 6.692 2.477 5.804 1.816 "virginica"
43 7.207 3.588 6.091 2.496 "virginica"
43 6.499 3.193 5.096 1.995 "virginica"
43 6.372 2.692 5.302 1.896 "virginica"
43 6.801 3.01 5.502 2.099 "virginica"
43 5.708 2.479 5.007 1.992 "virginica"
43 5.813 2.811 5.094 2.384 "virginica"
43 6.423 3.202 5.312 2.291 "virginica"
43 6.487 2.992 5.476 1.794 "virginica"
43 7.698 3.791 6.7 2.204 "virginica"
43 7.707 2.602 6.915 2.313 "virginica"
43 6.003 2.199 4.997 1.517 "virginica"
43 6.891 3.205 5.709 2.305 "virginica"
43 5.6 2.796 4.906 2.001 "virginica"
43 7.686 2.814 6.696 2.008 "virginica"
43 6.305 2.718 4.907 1.79 "virginica"
43 6.692 3.308 5.681 2.105 "virginica"
43 7.204 3.182 5.992 1.801 "virginica"
43 6.197 2.798 4.789 1.798 "virginica"
43 6.113 3.018 4.881 1.807 "virginica"
43 6.403 2.803 5.62 2.104 "virginica"
43 7.198 3.016 5.8 1.606 "virginica"
43 7.418 2.801 6.096 1.898 "virginica"
43 7.9 3.79 6.413 1.995 "virginica"
43 6.411 2.793 5.588 2.185 "virginica"
43 6.287 2.8 5.1 1.497 "virginica"
43 6.109 2.599 5.6 1.394 "virginica"
43 7.702 2.994 6.091 2.306 "virginica"
43 6.297 3.39 5.588 2.397 "virginica"
43 6.41 3.099 5.512 1.807 "virginica"
43 5.998 3.006 4.784 1.796 "virginica"
43 6.913 3.094 5.413 2.09 "virginica"
43 6.69 3.08 5.591 2.404 "virginica"
43 6.895 3.106 5.097 2.306 "virginica"
43 5.792 2.71 5.088 1.887 "virginica"
43 6.819 3.187 5.9 2.316 "virginica"
43 6.701 3.301 5.704 2.508 "virginica"
43 6.69 3.002 5.185 2.306 "virginica"
43 6.304 2.496 4.99 1.91 "virginica"
43 6.495 2.993 5.193 2.005 "virginica"
43 6.202 3.402 5.394 2.296 "virginica"
43 5.914 3.005 5.078 1.803 "virginica"
