23 5.104 3.505 1.399 0.205 "setosa"
23 4.891 2.986 1.411 0.211 "setosa"
23 4.689 3.204 1.316 0.201 "setosa"
23 4.599 3.107 1.5 0.187 "setosa"
23 4.994 3.594 1.402 0.221 "setosa"
23 5.413 3.922 1.695 0.388 "setosa"
23 4.606 3.42 1.409 0.31 "setosa"
23 5.003 3.403 1.507 0.189 "setosa"
23 4.402 2.911 1.409 0.217 "setosa"
23 4.903 3.105 1.514 0.105 "setosa"
23 5.408 3.698 1.504 0.184 "setosa"
23 4.791 3.392 1.598 0.217 "setosa"
23 4.806 2.998 1.399 0.09 "setosa"
23 4.304 2.995 1.11 0.101 "setosa"
23 5.793 4.004 1.198 0.204 "setosa"
23 5.7 4.399 1.525 0.413 "setosa"
23 5.419 3.914 1.305 0.39 "setosa"
23 5.1 3.496 1.394 0.309 "setosa"
23 5.692 3.813 1.688 0.29 "setosa"
23 5.102 3.806 1.503 0.309 "setosa"
23 5.409 3.385 1.698 0.205 "setosa"
23 5.094 3.702 1.494 0.408 "setosa"
23 4.608 3.582 0.991 0.198 "setosa"
23 5.08 3.308 1.702 0.506 "setosa"
23 4.802 3.411 1.891 0.189 "setosa"
23 5.002 3.007 1.599 0.2 "setosa"
23 5.006 3.388 1.6 0.399 "setosa"
23 5.203 3.49 1.51 0.181 "setosa"
23 5.196 3.406 1.417 0.195 "setosa"
23 4.684 3.185 1.6 0.217 "setosa"
23 4.812 3.08 1.594 0.198 "setosa"
23 5.4 3.386 1.492 0.388 "setosa"
23 5.22 4.104 1.516 0.103 "setosa"
23 5.5 4.206 1.403 0.198 "setosa"
23 4.891 3.1 1.516 0.201 "setosa"
23 4.986 3.204 1.202 0.196 "setosa"
23 5.5 3.528 1.293 0.19 "setosa"
23 4.917 3.608 1.395 0.107 "setosa"
23 4.401 2.993 1.305 0.215 "setosa"
23 5.102 3.421 1.491 0.204 "setosa"
23 5.002 3.494 1.291 0.297 "setosa"
23 4.513 2.288 1.312 0.301 "setosa"
23 4.4 3.203 1.299 0.202 "setosa"
23 4.994 3.516 1.591 0.609 "setosa"
23 5.085 3.799 1.909 0.419 "setosa"
23 4.799 2.992 1.403 0.303 "setosa"
23 5.093 3.799 1.586 0.199 "setosa"
23 4.609 3.197 1.409 0.175 "setosa"
23 5.317 3.698 1.493 0.212 "setosa"
23 5.009 3.297 1.404 0.185 "setosa"
23 6.988 3.205 4.708 1.394 "versicolor"
23 6.412 3.211 4.509 1.509 "versicolor"
23 6.896 3.112 4.897 1.505 "versicolor"
23 5.489 2.303 4.01 1.297 "versicolor"
23 6.494 2.781 4.596 1.477 "versicolor"
23 5.688 2.816 4.501 1.303 "versicolor"
23 6.297 3.278 4.7 1.611 "versicolor"
23 4.904 2.389 3.302 0.998 "versicolor"
23 6.585 2.892 4.6 1.302 "versicolor"
23 5.201 2.705 3.902 1.415 "versicolor"
23 4.993 2.011 3.504 1.005 "versicolor"
23 5.908 3 4.223 1.497 "versicolor"
23 6.013 2.186 4.001 1.016 "versicolor"
23 6.106 2.905 4.71 1.401 "versicolor"
23 5.606 2.901 3.612 1.302 "versicolor"
23 6.706 3.1 4.392 1.383 "versicolor"
23 5.591 3 4.516 1.501 "versicolor"
23 5.792 2.69 4.103 0.984 "versicolor"
23 6.209 2.195 4.497 1.506 "versicolor"
23 5.617 2.498 3.895 1.099 "versicolor"
23 5.916 3.222 4.794 1.792 "versicolor"
23 6.104 2.807 3.994 1.296 "versicolor"
23 6.314 2.506 4.889 1.5 "versicolor"
23 6.085 2.801 4.714 1.192 "versicolor"
23 6.399 2.899 4.282 1.298 "versicolor"
23 6.584 2.983 4.397 1.411 "versicolor"
23 6.802 2.805 4.8 1.405 "versicolor"
23 6.701 2.98 5 1.708 "versicolor"
23 6.016 2.907 4.496 1.504 "versicolor"
23 5.697 2.603 3.492 1.001 "versicolor"
23 5.49 2.408 3.787 1.111 "versicolor"
23 5.513 2.399 3.681 0.998 "versicolor"
23 5.8 2.691 3.89 1.2 "versicolor"
23 6.004 2.693 5.101 1.606 "versicolor"
23 5.411 3.023 4.503 1.491 "versicolor"
23 5.998 3.402 4.49 1.605 "versicolor"
23 6.706 3.104 4.7 1.486 "versicolor"
23 6.31 2.308 4.391 1.287 "versicolor"
23 5.586 3.02 4.088 1.294 "versicolor"
23 5.507 2.506 4.009 1.317 "versicolor"
23 5.494 2.598 4.414 1.199 "versicolor"
23 6.081 2.99 4.612 1.396 "versicolor"
23 5.796 2.599 4.004 1.197 "versicolor"
23 5.009 2.291 3.3 1.01 "versicolor"
23 5.603 2.702 4.186 1.3 "versicolor"
23 5.691 2.994 4.2 1.201 "versicolor"
23 5.705 2.904 4.205 1.306 "versicolor"
23 6.193 2.906 4.3 1.307 "versicolor"
23 5.107 2.483 2.993 1.11 "versicolor"
23 5.678 2.783 4.103 1.293 "versicolor"
23 6.302 3.292 6.002 2.511 "virginica"
23 5.812 2.711 5.092 1.92 "virginica"
23 7.084 2.989 5.896 2.106 "virginica"
23 6.31 2.895 5.604 1.81 "virginica"
23 6.517 2.982 5.798 2.175 "virginica"
23 7.589 3.011 6.588 2.111 "virginica"
23 4.897 2.505 4.494 1.703 "virginica"
23 7.31 2.904 6.293 1.791 "virginica"
23 6.689 2.517 5.776 1.811 "virginica"
23 7.184 3.595 6.097 2.49 "virginica"
23 6.495 3.194 5.094 2.007 "virginica"
23 6.383 2.706 5.324 1.908 "virginica"
23 6.792 2.991 5.498 2.1 "virginica"
23 5.69 2.518 4.993 2.005 "virginica"
23 5.793 2.796 5.114 2.385 "virginica"
23 6.397 3.189 5.29 2.299 "virginica"
23 6.492 3.005 5.496 1.797 "virginica"
23 7.698 3.789 6.688 2.208 "virginica"
23 7.702 2.593 6.905 2.318 "virginica"
23 5.99 2.186 4.99 1.48 "virginica"
23 6.897 3.218 5.722 2.315 "virginica"
23 5.607 2.791 4.903 2.001 "virginica"
23 7.715 2.81 6.709 1.983 "virginica"
23 6.312 2.698 4.895 1.8 "virginica"
23 6.698 3.286 5.704 2.107 "virginica"
23 7.206 3.194 6.007 1.805 "virginica"
23 6.197 2.801 4.81 1.795 "virginica"
23 6.087 3.008 4.916 1.797 "virginica"
23 6.409 2.781 5.604 2.095 "virginica"
23 7.174 3.01 5.81 1.587 "virginica"
23 7.406 2.816 6.098 1.887 "virginica"
23 7.872 3.812 6.391 2.001 "virginica"
23 6.396 2.807 5.6 2.211 "virginica"
23 6.31 2.792 5.091 1.501 "virginica"
23 6.077 2.59 5.615 1.392 "virginica"
23 7.72 3.018 6.095 2.292 "virginica"
23 6.306 3.397 5.595 2.397 "virginica"
23 6.391 3.092 5.505 1.793 "virginica"
23 5.991 3.011 4.815 1.804 "virginica"
23 6.903 3.096 5.398 2.103 "virginica"
23 6.684 3.093 5.599 2.381 "virginica"
23 6.888 3.093 5.086 2.293 "virginica"
23 5.815 2.703 5.092 1.9 "virginica"
23 6.794 3.203 5.904 2.279 "virginica"
23 6.7 3.292 5.711 2.504 "virginica"
23 6.693 3.018 5.194 2.301 "virginica"
23 6.309 2.514 5.001 1.892 "virginica"
23 6.499 2.993 5.202 1.996 "virginica"
23 6.206 3.401 5.389 2.301 "virginica"
23 5.894 2.988 5.1 1.789 "virginica"
