40 5.115 3.504 1.395 0.214 "setosa"
40 4.91 2.985 1.401 0.185 "setosa"
40 4.697 3.194 1.298 0.196 "setosa"
40 4.612 3.093 1.51 0.21 "setosa"
40 5 3.602 1.391 0.214 "setosa"
40 5.396 3.92 1.708 0.409 "setosa"
40 4.595 3.396 1.397 0.298 "setosa"
40 4.979 3.407 1.497 0.198 "setosa"
40 4.396 2.9 1.394 0.208 "setosa"
40 4.904 3.084 1.512 0.092 "setosa"
40 5.39 3.706 1.5 0.195 "setosa"
40 4.806 3.395 1.598 0.213 "setosa"
40 4.806 2.98 1.407 0.09 "setosa"
40 4.295 3.018 1.111 0.086 "setosa"
40 5.791 3.996 1.199 0.185 "setosa"
40 5.684 4.393 1.499 0.404 "setosa"
40 5.406 3.901 1.301 0.403 "setosa"
40 5.092 3.504 1.407 0.31 "setosa"
40 5.712 3.806 1.684 0.317 "setosa"
40 5.113 3.804 1.485 0.309 "setosa"
40 5.388 3.409 1.69 0.218 "setosa"
40 5.097 3.678 1.497 0.397 "setosa"
40 4.585 3.611 1.009 0.182 "setosa"
40 5.1 3.295 1.695 0.492 "setosa"
40 4.796 3.39 1.895 0.196 "setosa"
40 4.996 3.002 1.597 0.215 "setosa"
40 4.991 3.378 1.611 0.394 "setosa"
40 5.215 3.491 1.503 0.204 "setosa"
40 5.206 3.399 1.391 0.208 "setosa"
40 4.689 3.196 1.588 0.211 "setosa"
40 4.811 3.094 1.612 0.206 "setosa"
40 5.397 3.411 1.505 0.389 "setosa"
40 5.216 4.113 1.52 0.115 "setosa"
40 5.506 4.188 1.386 0.199 "setosa"
40 4.899 3.11 1.514 0.189 "setosa"
40 5.009 3.208 1.205 0.224 "setosa"
40 5.494 3.498 1.301 0.207 "setosa"
40 4.914 3.607 1.396 0.11 "setosa"
40 4.414 2.996 1.29 0.2 "setosa"
40 5.096 3.41 1.492 0.191 "setosa"
40 4.991 3.501 1.296 0.3 "setosa"
40 4.479 2.287 1.302 0.304 "setosa"
40 4.405 3.19 1.298 0.207 "setosa"
40 4.991 3.494 1.576 0.603 "setosa"
40 5.09 3.792 1.894 0.411 "setosa"
40 4.776 2.998 1.396 0.31 "setosa"
40 5.108 3.79 1.599 0.192 "setosa"
40 4.608 3.191 1.409 0.192 "setosa"
40 5.314 3.705 1.508 0.2 "setosa"
40 4.996 3.298 1.396 0.197 "setosa"
40 7 3.221 4.687 1.399 "versicolor"
40 6.406 3.196 4.508 1.512 "versicolor"
40 6.911 3.093 4.887 1.485 "versicolor"
40 5.511 2.298 3.997 1.299 "versicolor"
40 6.503 2.798 4.594 1.494 "versicolor"
40 5.697 2.788 4.484 1.296 "versicolor"
40 6.297 3.3 4.698 1.603 "versicolor"
40 4.9 2.413 3.28 0.994 "versicolor"
40 6.6 2.898 4.593 1.294 "versicolor"
40 5.206 2.683 3.909 1.394 "versicolor"
40 4.994 2.012 3.522 0.987 "versicolor"
40 5.91 2.984 4.203 1.497 "versicolor"
40 5.999 2.191 4.004 1.005 "versicolor"
40 6.1 2.906 4.689 1.4 "versicolor"
40 5.587 2.892 3.603 1.3 "versicolor"
40 6.683 3.105 4.402 1.39 "versicolor"
40 5.6 3.006 4.483 1.503 "versicolor"
40 5.796 2.698 4.1 1.004 "versicolor"
40 6.204 2.186 4.504 1.485 "versicolor"
40 5.589 2.516 3.893 1.12 "versicolor"
40 5.891 3.213 4.797 1.803 "versicolor"
40 6.084 2.811 3.999 1.307 "versicolor"
40 6.289 2.506 4.897 1.486 "versicolor"
40 6.097 2.793 4.696 1.181 "versicolor"
40 6.385 2.9 4.3 1.302 "versicolor"
40 6.63 2.996 4.391 1.388 "versicolor"
40 6.801 2.799 4.807 1.414 "versicolor"
40 6.698 2.991 4.998 1.7 "versicolor"
40 6.003 2.898 4.521 1.497 "versicolor"
40 5.715 2.595 3.521 1.007 "versicolor"
40 5.508 2.424 3.789 1.091 "versicolor"
40 5.5 2.415 3.684 0.991 "versicolor"
40 5.82 2.689 3.9 1.207 "versicolor"
40 5.997 2.704 5.098 1.591 "versicolor"
40 5.4 3.007 4.51 1.502 "versicolor"
40 6.015 3.398 4.505 1.584 "versicolor"
40 6.694 3.112 4.693 1.506 "versicolor"
40 6.3 2.289 4.387 1.293 "versicolor"
40 5.591 2.992 4.105 1.313 "versicolor"
40 5.496 2.502 3.994 1.296 "versicolor"
40 5.488 2.6 4.393 1.201 "versicolor"
40 6.083 3.003 4.597 1.383 "versicolor"
40 5.801 2.588 4.001 1.194 "versicolor"
40 4.991 2.298 3.28 0.989 "versicolor"
40 5.604 2.693 4.183 1.303 "versicolor"
40 5.706 2.985 4.202 1.187 "versicolor"
40 5.683 2.915 4.203 1.292 "versicolor"
40 6.213 2.914 4.318 1.288 "versicolor"
40 5.094 2.505 3.007 1.099 "versicolor"
40 5.706 2.795 4.103 1.275 "versicolor"
40 6.312 3.307 5.997 2.499 "virginica"
40 5.817 2.706 5.097 1.908 "virginica"
40 7.102 3.006 5.91 2.084 "virginica"
40 6.283 2.916 5.597 1.8 "virginica"
40 6.506 2.987 5.794 2.213 "virginica"
40 7.594 2.996 6.604 2.102 "virginica"
40 4.909 2.504 4.523 1.708 "virginica"
40 7.291 2.886 6.302 1.804 "virginica"
40 6.697 2.524 5.798 1.791 "virginica"
40 7.18 3.594 6.1 2.506 "virginica"
40 6.512 3.211 5.111 2.015 "virginica"
40 6.388 2.688 5.289 1.912 "virginica"
40 6.795 3.008 5.489 2.101 "virginica"
40 5.704 2.496 5.006 2.014 "virginica"
40 5.794 2.797 5.086 2.42 "virginica"
40 6.403 3.197 5.316 2.294 "virginica"
40 6.511 2.993 5.501 1.806 "virginica"
40 7.705 3.788 6.713 2.21 "virginica"
40 7.714 2.596 6.911 2.304 "virginica"
40 5.982 2.201 5.007 1.502 "virginica"
40 6.891 3.204 5.691 2.284 "virginica"
40 5.599 2.808 4.919 1.988 "virginica"
40 7.693 2.806 6.719 1.995 "virginica"
40 6.273 2.706 4.901 1.795 "virginica"
40 6.712 3.291 5.703 2.094 "virginica"
40 7.187 3.212 6.01 1.794 "virginica"
40 6.212 2.813 4.806 1.795 "virginica"
40 6.109 3.006 4.916 1.799 "virginica"
40 6.383 2.8 5.604 2.093 "virginica"
40 7.206 3.008 5.811 1.626 "virginica"
40 7.409 2.8 6.088 1.904 "virginica"
40 7.896 3.766 6.399 1.994 "virginica"
40 6.41 2.803 5.594 2.183 "virginica"
40 6.302 2.797 5.08 1.484 "virginica"
40 6.082 2.592 5.609 1.381 "virginica"
40 7.688 2.989 6.112 2.296 "virginica"
40 6.293 3.389 5.599 2.402 "virginica"
40 6.42 3.099 5.507 1.786 "virginica"
40 6.001 2.989 4.817 1.802 "virginica"
40 6.91 3.092 5.408 2.099 "virginica"
40 6.691 3.11 5.581 2.386 "virginica"
40 6.919 3.109 5.097 2.297 "virginica"
40 5.8 2.697 5.106 1.896 "virginica"
40 6.804 3.217 5.897 2.291 "virginica"
40 6.698 3.29 5.696 2.505 "virginica"
40 6.711 3.003 5.191 2.327 "virginica"
40 6.313 2.493 4.984 1.914 "virginica"
40 6.507 3.016 5.223 2.007 "virginica"
40 6.194 3.41 5.397 2.292 "virginica"
40 5.904 3.006 5.081 1.81 "virginica"
