18 5.115 3.514 1.396 0.206 "setosa"
18 4.902 3.013 1.413 0.21 "setosa"
18 4.718 3.198 1.298 0.201 "setosa"
18 4.585 3.099 1.501 0.203 "setosa"
18 4.996 3.602 1.409 0.208 "setosa"
18 5.394 3.911 1.696 0.395 "setosa"
18 4.592 3.399 1.399 0.296 "setosa"
18 5.006 3.396 1.502 0.203 "setosa"
18 4.414 2.878 1.4 0.211 "setosa"
18 4.907 3.098 1.507 0.111 "setosa"
18 5.4 3.708 1.491 0.193 "setosa"
18 4.793 3.401 1.604 0.193 "setosa"
18 4.81 2.999 1.398 0.105 "setosa"
18 4.289 3.008 1.1 0.104 "setosa"
18 5.821 4.001 1.201 0.191 "setosa"
18 5.711 4.413 1.502 0.397 "setosa"
18 5.404 3.911 1.301 0.397 "setosa"
18 5.109 3.489 1.385 0.317 "setosa"
18 5.719 3.8 1.694 0.287 "setosa"
18 5.104 3.793 1.511 0.325 "setosa"
18 5.387 3.401 1.704 0.199 "setosa"
18 5.11 3.699 1.491 0.403 "setosa"
18 4.598 3.605 0.998 0.206 "setosa"
18 5.101 3.305 1.697 0.507 "setosa"
18 4.815 3.387 1.9 0.202 "setosa"
18 5.007 2.998 1.595 0.195 "setosa"
18 4.981 3.391 1.592 0.396 "setosa"
18 5.195 3.497 1.512 0.196 "setosa"
18 5.197 3.41 1.404 0.192 "setosa"
18 4.707 3.203 1.605 0.192 "setosa"
18 4.796 3.103 1.589 0.196 "setosa"
18 5.406 3.386 1.482 0.397 "setosa"
18 5.202 4.104 1.499 0.096 "setosa"
18 5.493 4.197 1.426 0.191 "setosa"
18 4.91 3.096 1.49 0.186 "setosa"
18 5.015 3.208 1.209 0.19 "setosa"
18 5.507 3.501 1.299 0.213 "setosa"
18 4.931 3.608 1.394 0.105 "setosa"
18 4.401 3.003 1.296 0.214 "setosa"
18 5.089 3.405 1.509 0.206 "setosa"
18 5.004 3.508 1.292 0.295 "setosa"
18 4.496 2.285 1.304 0.303 "setosa"
18 4.397 3.215 1.287 0.216 "setosa"
18 5.008 3.49 1.604 0.6 "setosa"
18 5.127 3.824 1.906 0.415 "setosa"
18 4.793 2.992 1.405 0.315 "setosa"
18 5.097 3.817 1.6 0.2 "setosa"
18 4.605 3.203 1.391 0.207 "setosa"
18 5.305 3.695 1.501 0.205 "setosa"
18 4.995 3.288 1.391 0.2 "setosa"
18 7.001 3.202 4.695 1.399 "versicolor"
18 6.398 3.197 4.484 1.476 "versicolor"
18 6.894 3.087 4.905 1.496 "versicolor"
18 5.515 2.306 3.999 1.308 "versicolor"
18 6.495 2.789 4.589 1.496 "versicolor"
18 5.688 2.801 4.485 1.301 "versicolor"
18 6.302 3.307 4.73 1.624 "versicolor"
18 4.91 2.408 3.283 0.991 "versicolor"
18 6.606 2.901 4.594 1.285 "versicolor"
18 5.193 2.712 3.908 1.393 "versicolor"
18 4.995 2.003 3.489 0.987 "versicolor"
18 5.874 3.011 4.198 1.518 "versicolor"
18 5.998 2.184 3.995 0.996 "versicolor"
18 6.097 2.916 4.69 1.394 "versicolor"
18 5.596 2.899 3.612 1.293 "versicolor"
18 6.674 3.087 4.406 1.404 "versicolor"
18 5.589 2.995 4.51 1.517 "versicolor"
18 5.793 2.694 4.098 0.989 "versicolor"
18 6.212 2.188 4.503 1.491 "versicolor"
18 5.608 2.497 3.899 1.093 "versicolor"
18 5.904 3.195 4.815 1.796 "versicolor"
18 6.104 2.808 4.001 1.303 "versicolor"
18 6.29 2.497 4.893 1.497 "versicolor"
18 6.098 2.784 4.705 1.205 "versicolor"
18 6.414 2.911 4.31 1.308 "versicolor"
18 6.596 3.01 4.408 1.395 "versicolor"
18 6.771 2.802 4.809 1.387 "versicolor"
18 6.703 2.996 4.994 1.702 "versicolor"
18 5.988 2.908 4.477 1.492 "versicolor"
18 5.698 2.607 3.494 0.994 "versicolor"
18 5.502 2.378 3.803 1.084 "versicolor"
18 5.515 2.389 3.681 1.001 "versicolor"
18 5.794 2.711 3.91 1.195 "versicolor"
18 5.993 2.698 5.084 1.612 "versicolor"
18 5.411 2.995 4.511 1.502 "versicolor"
18 5.987 3.411 4.493 1.621 "versicolor"
18 6.703 3.109 4.691 1.492 "versicolor"
18 6.302 2.295 4.399 1.296 "versicolor"
18 5.607 3.006 4.078 1.294 "versicolor"
18 5.489 2.517 3.986 1.297 "versicolor"
18 5.495 2.595 4.408 1.211 "versicolor"
18 6.085 2.981 4.606 1.412 "versicolor"
18 5.806 2.589 4.016 1.208 "versicolor"
18 4.989 2.301 3.295 0.995 "versicolor"
18 5.608 2.701 4.202 1.305 "versicolor"
18 5.701 2.989 4.195 1.216 "versicolor"
18 5.685 2.901 4.211 1.283 "versicolor"
18 6.197 2.93 4.307 1.277 "versicolor"
18 5.096 2.491 2.987 1.102 "versicolor"
18 5.697 2.809 4.126 1.302 "versicolor"
18 6.304 3.315 5.999 2.496 "virginica"
18 5.806 2.7 5.108 1.908 "virginica"
18 7.101 3.006 5.903 2.107 "virginica"
18 6.306 2.906 5.604 1.799 "virginica"
18 6.487 2.986 5.804 2.205 "virginica"
18 7.582 3.004 6.601 2.094 "virginica"
18 4.89 2.48 4.459 1.688 "virginica"
18 7.295 2.905 6.302 1.809 "virginica"
18 6.701 2.5 5.808 1.796 "virginica"
18 7.207 3.589 6.105 2.49 "virginica"
18 6.487 3.2 5.095 2 "virginica"
18 6.412 2.696 5.308 1.897 "virginica"
18 6.792 3.007 5.504 2.089 "virginica"
18 5.713 2.491 5.008 2.019 "virginica"
18 5.797 2.815 5.09 2.393 "virginica"
18 6.393 3.196 5.3 2.292 "virginica"
18 6.514 3.002 5.508 1.798 "virginica"
18 7.697 3.808 6.698 2.192 "virginica"
18 7.69 2.597 6.898 2.293 "virginica"
18 5.994 2.188 4.987 1.499 "virginica"
18 6.907 3.176 5.69 2.291 "virginica"
18 5.587 2.816 4.897 2.003 "virginica"
18 7.68 2.803 6.691 1.989 "virginica"
18 6.287 2.704 4.905 1.807 "virginica"
18 6.708 3.3 5.709 2.102 "virginica"
18 7.213 3.191 6.01 1.792 "virginica"
18 6.192 2.773 4.796 1.789 "virginica"
18 6.099 3.013 4.907 1.816 "virginica"
18 6.404 2.784 5.62 2.102 "virginica"
18 7.185 3.002 5.822 1.606 "virginica"
18 7.391 2.781 6.087 1.902 "virginica"
18 7.897 3.798 6.376 2.003 "virginica"
18 6.405 2.804 5.599 2.2 "virginica"
18 6.29 2.782 5.096 1.514 "virginica"
18 6.11 2.597 5.608 1.395 "virginica"
18 7.7 3.009 6.09 2.3 "virginica"
18 6.284 3.407 5.606 2.387 "virginica"
18 6.4 3.116 5.497 1.781 "virginica"
18 6.021 2.991 4.814 1.795 "virginica"
18 6.91 3.103 5.39 2.123 "virginica"
18 6.702 3.12 5.619 2.402 "virginica"
18 6.884 3.111 5.084 2.312 "virginica"
18 5.812 2.693 5.097 1.924 "virginica"
18 6.78 3.184 5.897 2.296 "virginica"
18 6.71 3.289 5.699 2.485 "virginica"
18 6.696 2.993 5.221 2.309 "virginica"
18 6.303 2.501 5.013 1.911 "virginica"
18 6.49 2.992 5.2 1.997 "virginica"
18 6.216 3.396 5.39 2.301 "virginica"
18 5.91 3.009 5.092 1.802 "virginica"
