41 5.111 3.494 1.41 0.196 "setosa"
41 4.889 3.014 1.403 0.191 "setosa"
41 4.709 3.201 1.304 0.21 "setosa"
41 4.593 3.1 1.493 0.216 "setosa"
41 4.984 3.601 1.4 0.208 "setosa"
41 5.394 3.889 1.717 0.394 "setosa"
41 4.59 3.404 1.397 0.306 "setosa"
41 5.021 3.418 1.506 0.201 "setosa"
41 4.382 2.898 1.392 0.197 "setosa"
41 4.901 3.091 1.487 0.087 "setosa"
41 5.39 3.698 1.5 0.208 "setosa"
41 4.789 3.391 1.604 0.198 "setosa"
41 4.8 2.993 1.399 0.102 "setosa"
41 4.306 3.011 1.091 0.083 "setosa"
41 5.823 3.995 1.189 0.215 "setosa"
41 5.691 4.402 1.514 0.4 "setosa"
41 5.391 3.915 1.302 0.393 "setosa"
41 5.085 3.506 1.386 0.317 "setosa"
41 5.697 3.806 1.693 0.3 "setosa"
41 5.094 3.812 1.495 0.292 "setosa"
41 5.408 3.404 1.697 0.204 "setosa"
41 5.102 3.682 1.528 0.409 "setosa"
41 4.601 3.605 1.002 0.21 "setosa"
41 5.116 3.299 1.705 0.495 "setosa"
41 4.791 3.412 1.888 0.205 "setosa"
41 5.003 3.005 1.603 0.17 "setosa"
41 5.004 3.403 1.588 0.404 "setosa"
41 5.197 3.493 1.514 0.204 "setosa"
41 5.216 3.401 1.394 0.205 "setosa"
41 4.704 3.193 1.596 0.199 "setosa"
41 4.816 3.118 1.612 0.204 "setosa"
41 5.404 3.404 1.491 0.38 "setosa"
41 5.19 4.098 1.494 0.081 "setosa"
41 5.493 4.213 1.408 0.196 "setosa"
41 4.899 3.099 1.497 0.182 "setosa"
41 4.98 3.185 1.198 0.201 "setosa"
41 5.5 3.505 1.301 0.203 "setosa"
41 4.899 3.599 1.388 0.097 "setosa"
41 4.407 2.998 1.312 0.204 "setosa"
41 5.11 3.385 1.506 0.198 "setosa"
41 4.969 3.513 1.292 0.295 "setosa"
41 4.509 2.27 1.282 0.298 "setosa"
41 4.405 3.177 1.302 0.196 "setosa"
41 5.012 3.502 1.578 0.619 "setosa"
41 5.107 3.798 1.914 0.405 "setosa"
41 4.79 2.973 1.399 0.287 "setosa"
41 5.097 3.791 1.604 0.206 "setosa"
41 4.602 3.198 1.414 0.204 "setosa"
41 5.29 3.71 1.493 0.203 "setosa"
41 4.996 3.311 1.399 0.19 "setosa"
41 7.022 3.179 4.709 1.404 "versicolor"
41 6.406 3.202 4.501 1.507 "versicolor"
41 6.914 3.093 4.911 1.487 "versicolor"
41 5.509 2.29 3.987 1.303 "versicolor"
41 6.514 2.799 4.61 1.523 "versicolor"
41 5.698 2.787 4.495 1.306 "versicolor"
41 6.305 3.303 4.719 1.593 "versicolor"
41 4.898 2.398 3.307 0.995 "versicolor"
41 6.596 2.885 4.601 1.303 "versicolor"
41 5.202 2.701 3.909 1.389 "versicolor"
41 4.991 2.02 3.499 1.009 "versicolor"
41 5.906 3.01 4.185 1.51 "versicolor"
41 5.982 2.215 4.006 1.003 "versicolor"
41 6.095 2.881 4.712 1.409 "versicolor"
41 5.597 2.908 3.598 1.29 "versicolor"
41 6.694 3.116 4.404 1.391 "versicolor"
41 5.609 3.008 4.491 1.512 "versicolor"
41 5.813 2.702 4.093 1.007 "versicolor"
41 6.176 2.199 4.489 1.5 "versicolor"
41 5.597 2.508 3.92 1.107 "versicolor"
41 5.902 3.185 4.798 1.796 "versicolor"
41 6.1 2.782 4.015 1.315 "versicolor"
41 6.323 2.495 4.891 1.501 "versicolor"
41 6.109 2.797 4.714 1.185 "versicolor"
41 6.395 2.909 4.322 1.295 "versicolor"
41 6.604 2.996 4.406 1.404 "versicolor"
41 6.811 2.796 4.783 1.41 "versicolor"
41 6.698 2.998 5.015 1.704 "versicolor"
41 5.997 2.899 4.49 1.501 "versicolor"
41 5.711 2.615 3.497 0.992 "versicolor"
41 5.498 2.397 3.792 1.097 "versicolor"
41 5.499 2.406 3.706 1.008 "versicolor"
41 5.809 2.711 3.896 1.196 "versicolor"
41 5.997 2.707 5.111 1.612 "versicolor"
41 5.385 3.006 4.509 1.483 "versicolor"
41 6 3.385 4.506 1.597 "versicolor"
41 6.695 3.097 4.702 1.51 "versicolor"
41 6.29 2.293 4.4 1.309 "versicolor"
41 5.587 3.005 4.098 1.3 "versicolor"
41 5.502 2.496 4 1.296 "versicolor"
41 5.52 2.597 4.42 1.222 "versicolor"
41 6.094 2.993 4.611 1.405 "versicolor"
41 5.801 2.623 4.015 1.193 "versicolor"
41 4.986 2.293 3.311 1.004 "versicolor"
41 5.599 2.685 4.205 1.292 "versicolor"
41 5.691 3.005 4.196 1.193 "versicolor"
41 5.704 2.908 4.203 1.303 "versicolor"
41 6.211 2.906 4.296 1.306 "versicolor"
41 5.103 2.493 2.996 1.098 "versicolor"
41 5.699 2.801 4.085 1.293 "versicolor"
41 6.305 3.313 5.994 2.486 "virginica"
41 5.817 2.703 5.087 1.903 "virginica"
41 7.106 2.991 5.908 2.093 "virginica"
41 6.303 2.902 5.584 1.787 "virginica"
41 6.474 2.987 5.801 2.184 "virginica"
41 7.582 2.978 6.589 2.087 "virginica"
41 4.913 2.481 4.501 1.701 "virginica"
41 7.3 2.903 6.301 1.808 "virginica"
41 6.703 2.496 5.793 1.787 "virginica"
41 7.184 3.611 6.074 2.498 "virginica"
41 6.518 3.202 5.099 1.989 "virginica"
41 6.398 2.692 5.305 1.888 "virginica"
41 6.786 3.009 5.513 2.108 "virginica"
41 5.714 2.509 5 1.997 "virginica"
41 5.81 2.788 5.114 2.401 "virginica"
41 6.419 3.198 5.301 2.289 "virginica"
41 6.494 2.993 5.494 1.79 "virginica"
41 7.683 3.8 6.713 2.193 "virginica"
41 7.691 2.603 6.904 2.312 "virginica"
41 5.998 2.193 5.005 1.495 "virginica"
41 6.915 3.192 5.69 2.307 "virginica"
41 5.603 2.802 4.912 2 "virginica"
41 7.694 2.797 6.691 2.002 "virginica"
41 6.31 2.713 4.908 1.811 "virginica"
41 6.697 3.3 5.711 2.083 "virginica"
41 7.202 3.225 6.012 1.784 "virginica"
41 6.21 2.817 4.801 1.784 "virginica"
41 6.111 2.99 4.896 1.801 "virginica"
41 6.388 2.796 5.607 2.114 "virginica"
41 7.203 3 5.793 1.593 "virginica"
41 7.418 2.782 6.089 1.918 "virginica"
41 7.889 3.82 6.402 2.02 "virginica"
41 6.4 2.788 5.591 2.203 "virginica"
41 6.303 2.814 5.071 1.507 "virginica"
41 6.095 2.598 5.579 1.378 "virginica"
41 7.702 3.001 6.096 2.314 "virginica"
41 6.287 3.408 5.609 2.397 "virginica"
41 6.402 3.115 5.506 1.809 "virginica"
41 6.014 2.983 4.806 1.805 "virginica"
41 6.902 3.102 5.397 2.096 "virginica"
41 6.692 3.092 5.605 2.405 "virginica"
41 6.9 3.107 5.098 2.291 "virginica"
41 5.804 2.697 5.112 1.899 "virginica"
41 6.801 3.203 5.898 2.32 "virginica"
41 6.703 3.297 5.694 2.503 "virginica"
41 6.691 2.998 5.196 2.282 "virginica"
41 6.291 2.519 5.001 1.887 "virginica"
41 6.502 2.985 5.209 2 "virginica"
41 6.198 3.408 5.406 2.298 "virginica"
41 5.892 2.995 5.099 1.803 "virginica"
