49 5.101 3.483 1.407 0.202 "setosa"
49 4.898 2.998 1.397 0.2 "setosa"
49 4.696 3.188 1.301 0.195 "setosa"
49 4.601 3.108 1.51 0.196 "setosa"
49 5.017 3.604 1.403 0.212 "setosa"
49 5.399 3.88 1.698 0.424 "setosa"
49 4.602 3.414 1.394 0.293 "setosa"
49 4.997 3.382 1.487 0.217 "setosa"
49 4.411 2.915 1.409 0.206 "setosa"
49 4.89 3.105 1.488 0.098 "setosa"
49 5.402 3.691 1.505 0.21 "setosa"
49 4.798 3.4 1.607 0.198 "setosa"
49 4.791 3.007 1.4 0.091 "setosa"
49 4.3 2.988 1.085 0.09 "setosa"
49 5.803 3.989 1.202 0.194 "setosa"
49 5.706 4.393 1.5 0.4 "setosa"
49 5.393 3.888 1.301 0.416 "setosa"
49 5.095 3.49 1.397 0.272 "setosa"
49 5.691 3.799 1.701 0.303 "setosa"
49 5.093 3.811 1.506 0.31 "setosa"
49 5.396 3.393 1.703 0.19 "setosa"
49 5.094 3.702 1.502 0.412 "setosa"
49 4.593 3.62 1.015 0.213 "setosa"
49 5.103 3.302 1.697 0.5 "setosa"
49 4.804 3.376 1.899 0.201 "setosa"
49 4.997 3.004 1.604 0.204 "setosa"
49 5.005 3.409 1.622 0.393 "setosa"
49 5.2 3.479 1.489 0.202 "setosa"
49 5.204 3.397 1.407 0.197 "setosa"
49 4.702 3.212 1.595 0.212 "setosa"
49 4.798 3.102 1.573 0.198 "setosa"
49 5.414 3.41 1.507 0.401 "setosa"
49 5.205 4.089 1.495 0.097 "setosa"
49 5.506 4.204 1.395 0.179 "setosa"
49 4.922 3.099 1.506 0.192 "setosa"
49 4.995 3.198 1.207 0.212 "setosa"
49 5.516 3.513 1.308 0.187 "setosa"
49 4.881 3.605 1.399 0.116 "setosa"
49 4.398 3.004 1.306 0.207 "setosa"
49 5.08 3.407 1.507 0.213 "setosa"
49 5.006 3.511 1.305 0.308 "setosa"
49 4.485 2.309 1.291 0.302 "setosa"
49 4.383 3.204 1.305 0.182 "setosa"
49 4.985 3.504 1.604 0.574 "setosa"
49 5.102 3.799 1.892 0.415 "setosa"
49 4.81 3.006 1.379 0.317 "setosa"
49 5.103 3.787 1.587 0.199 "setosa"
49 4.594 3.209 1.407 0.214 "setosa"
49 5.316 3.701 1.507 0.198 "setosa"
49 5 3.325 1.397 0.197 "setosa"
49 7.004 3.213 4.685 1.399 "versicolor"
49 6.4 3.206 4.505 1.508 "versicolor"
49 6.906 3.099 4.899 1.511 "versicolor"
49 5.525 2.287 4.009 1.31 "versicolor"
49 6.498 2.807 4.608 1.493 "versicolor"
49 5.696 2.799 4.485 1.314 "versicolor"
49 6.298 3.301 4.708 1.621 "versicolor"
49 4.895 2.414 3.309 0.995 "versicolor"
49 6.609 2.896 4.61 1.308 "versicolor"
49 5.189 2.719 3.908 1.399 "versicolor"
49 5.001 2.008 3.49 0.991 "versicolor"
49 5.908 2.982 4.201 1.503 "versicolor"
49 5.99 2.196 4.011 0.99 "versicolor"
49 6.111 2.919 4.698 1.382 "versicolor"
49 5.606 2.905 3.618 1.291 "versicolor"
49 6.696 3.118 4.405 1.4 "versicolor"
49 5.589 3 4.503 1.512 "versicolor"
49 5.798 2.706 4.114 1.025 "versicolor"
49 6.213 2.197 4.508 1.505 "versicolor"
49 5.61 2.493 3.886 1.104 "versicolor"
49 5.919 3.208 4.787 1.813 "versicolor"
49 6.107 2.776 3.984 1.295 "versicolor"
49 6.292 2.502 4.915 1.508 "versicolor"
49 6.101 2.791 4.7 1.205 "versicolor"
49 6.404 2.89 4.301 1.31 "versicolor"
49 6.6 2.991 4.403 1.4 "versicolor"
49 6.812 2.811 4.818 1.401 "versicolor"
49 6.719 3.009 5.009 1.704 "versicolor"
49 6 2.906 4.508 1.509 "versicolor"
49 5.709 2.603 3.491 1.018 "versicolor"
49 5.509 2.399 3.794 1.103 "versicolor"
49 5.494 2.403 3.705 1.011 "versicolor"
49 5.808 2.71 3.889 1.21 "versicolor"
49 6.006 2.698 5.108 1.609 "versicolor"
49 5.414 3.01 4.508 1.495 "versicolor"
49 6.001 3.4 4.503 1.59 "versicolor"
49 6.695 3.095 4.723 1.493 "versicolor"
49 6.311 2.33 4.409 1.29 "versicolor"
49 5.613 2.99 4.087 1.283 "versicolor"
49 5.494 2.495 4.004 1.277 "versicolor"
49 5.487 2.584 4.401 1.198 "versicolor"
49 6.082 2.986 4.601 1.407 "versicolor"
49 5.778 2.616 3.995 1.185 "versicolor"
49 4.988 2.296 3.313 1.003 "versicolor"
49 5.605 2.728 4.201 1.285 "versicolor"
49 5.699 3.002 4.195 1.218 "versicolor"
49 5.711 2.904 4.203 1.307 "versicolor"
49 6.206 2.902 4.286 1.301 "versicolor"
49 5.101 2.504 3.004 1.095 "versicolor"
49 5.705 2.807 4.091 1.29 "versicolor"
49 6.314 3.297 6.001 2.524 "virginica"
49 5.814 2.686 5.095 1.899 "virginica"
49 7.092 2.989 5.908 2.106 "virginica"
49 6.323 2.903 5.595 1.791 "virginica"
49 6.497 3.012 5.795 2.203 "virginica"
49 7.593 3.014 6.599 2.106 "virginica"
49 4.906 2.495 4.496 1.711 "virginica"
49 7.313 2.896 6.306 1.806 "virginica"
49 6.695 2.485 5.811 1.787 "virginica"
49 7.193 3.601 6.094 2.495 "virginica"
49 6.493 3.195 5.091 1.986 "virginica"
49 6.391 2.71 5.304 1.899 "virginica"
49 6.8 2.999 5.49 2.097 "virginica"
49 5.706 2.509 4.995 2.004 "virginica"
49 5.801 2.804 5.099 2.411 "virginica"
49 6.398 3.203 5.297 2.291 "virginica"
49 6.519 3.002 5.513 1.798 "virginica"
49 7.715 3.801 6.698 2.207 "virginica"
49 7.708 2.602 6.906 2.314 "virginica"
49 5.993 2.203 5.008 1.521 "virginica"
49 6.895 3.196 5.69 2.304 "virginica"
49 5.596 2.794 4.888 2.003 "virginica"
49 7.678 2.8 6.677 2.014 "virginica"
49 6.297 2.708 4.904 1.809 "virginica"
49 6.703 3.303 5.691 2.108 "virginica"
49 7.203 3.195 5.985 1.799 "virginica"
49 6.216 2.811 4.772 1.788 "virginica"
49 6.104 2.996 4.902 1.821 "virginica"
49 6.394 2.791 5.598 2.105 "virginica"
49 7.214 3.001 5.801 1.607 "virginica"
49 7.407 2.806 6.098 1.891 "virginica"
49 7.876 3.809 6.404 2.022 "virginica"
49 6.398 2.804 5.609 2.202 "virginica"
49 6.304 2.797 5.106 1.498 "virginica"
49 6.098 2.585 5.607 1.388 "virginica"
49 7.703 3.004 6.092 2.303 "virginica"
49 6.294 3.398 5.6 2.393 "virginica"
49 6.388 3.12 5.482 1.816 "virginica"
49 5.993 3.008 4.811 1.792 "virginica"
49 6.898 3.119 5.396 2.108 "virginica"
49 6.702 3.118 5.588 2.388 "virginica"
49 6.917 3.098 5.094 2.298 "virginica"
49 5.812 2.69 5.09 1.896 "virginica"
49 6.817 3.207 5.894 2.308 "virginica"
49 6.703 3.294 5.702 2.483 "virginica"
49 6.709 3.012 5.195 2.31 "virginica"
49 6.314 2.501 5 1.885 "virginica"
49 6.491 2.997 5.2 1.986 "virginica"
49 6.195 3.403 5.407 2.3 "virginica"
49 5.896 2.995 5.111 1.787 "virginica"
