89 5.107 3.514 1.412 0.201 "setosa"
89 4.903 2.975 1.409 0.203 "setosa"
89 4.716 3.193 1.293 0.199 "setosa"
89 4.607 3.086 1.496 0.195 "setosa"
89 5.004 3.606 1.394 0.19 "setosa"
89 5.403 3.89 1.71 0.382 "setosa"
89 4.607 3.402 1.409 0.322 "setosa"
89 5.003 3.388 1.495 0.199 "setosa"
89 4.408 2.905 1.407 0.207 "setosa"
89 4.902 3.105 1.505 0.09 "setosa"
89 5.412 3.702 1.506 0.211 "setosa"
89 4.804 3.411 1.588 0.207 "setosa"
89 4.801 3.006 1.401 0.122 "setosa"
89 4.315 2.999 1.09 0.1 "setosa"
89 5.79 4 1.198 0.196 "setosa"
89 5.714 4.393 1.497 0.39 "setosa"
89 5.385 3.896 1.307 0.412 "setosa"
89 5.104 3.489 1.406 0.286 "setosa"
89 5.699 3.801 1.716 0.308 "setosa"
89 5.094 3.796 1.506 0.288 "setosa"
89 5.396 3.401 1.701 0.193 "setosa"
89 5.094 3.701 1.491 0.397 "setosa"
89 4.581 3.598 0.99 0.217 "setosa"
89 5.078 3.278 1.704 0.497 "setosa"
89 4.806 3.403 1.899 0.198 "setosa"
89 5.008 3.003 1.613 0.196 "setosa"
89 4.999 3.417 1.621 0.403 "setosa"
89 5.214 3.511 1.49 0.191 "setosa"
89 5.211 3.421 1.416 0.204 "setosa"
89 4.701 3.204 1.606 0.203 "setosa"
89 4.808 3.109 1.607 0.208 "setosa"
89 5.396 3.389 1.494 0.404 "setosa"
89 5.213 4.107 1.505 0.101 "setosa"
89 5.511 4.201 1.408 0.181 "setosa"
89 4.888 3.105 1.516 0.212 "setosa"
89 4.99 3.181 1.204 0.207 "setosa"
89 5.507 3.496 1.303 0.196 "setosa"
89 4.899 3.594 1.382 0.087 "setosa"
89 4.415 2.978 1.316 0.205 "setosa"
89 5.106 3.414 1.483 0.193 "setosa"
89 4.996 3.503 1.314 0.289 "setosa"
89 4.496 2.288 1.298 0.29 "setosa"
89 4.396 3.197 1.3 0.18 "setosa"
89 5.003 3.527 1.596 0.616 "setosa"
89 5.131 3.806 1.894 0.411 "setosa"
89 4.803 2.985 1.417 0.293 "setosa"
89 5.094 3.784 1.608 0.205 "setosa"
89 4.613 3.207 1.397 0.215 "setosa"
89 5.303 3.703 1.486 0.19 "setosa"
89 5.002 3.29 1.398 0.209 "setosa"
89 6.982 3.192 4.708 1.398 "versicolor"
89 6.402 3.204 4.508 1.507 "versicolor"
89 6.91 3.097 4.898 1.491 "versicolor"
89 5.507 2.313 3.997 1.3 "versicolor"
89 6.501 2.813 4.599 1.499 "versicolor"
89 5.711 2.794 4.504 1.291 "versicolor"
89 6.311 3.322 4.703 1.598 "versicolor"
89 4.885 2.394 3.302 1.001 "versicolor"
89 6.605 2.9 4.614 1.303 "versicolor"
89 5.204 2.695 3.889 1.405 "versicolor"
89 4.988 1.985 3.505 0.999 "versicolor"
89 5.891 2.996 4.193 1.496 "versicolor"
89 5.994 2.21 3.999 0.983 "versicolor"
89 6.093 2.914 4.691 1.404 "versicolor"
89 5.588 2.914 3.605 1.282 "versicolor"
89 6.706 3.109 4.399 1.39 "versicolor"
89 5.609 2.977 4.503 1.507 "versicolor"
89 5.784 2.713 4.105 1.013 "versicolor"
89 6.213 2.188 4.502 1.495 "versicolor"
89 5.605 2.488 3.897 1.08 "versicolor"
89 5.885 3.207 4.806 1.796 "versicolor"
89 6.097 2.78 3.996 1.311 "versicolor"
89 6.307 2.515 4.909 1.523 "versicolor"
89 6.117 2.794 4.691 1.199 "versicolor"
89 6.408 2.904 4.299 1.308 "versicolor"
89 6.603 3.007 4.404 1.39 "versicolor"
89 6.819 2.804 4.793 1.392 "versicolor"
89 6.677 3.002 5.001 1.679 "versicolor"
89 5.987 2.913 4.506 1.502 "versicolor"
89 5.7 2.581 3.497 1.008 "versicolor"
89 5.505 2.398 3.801 1.084 "versicolor"
89 5.49 2.397 3.689 0.994 "versicolor"
89 5.811 2.694 3.916 1.207 "versicolor"
89 6.001 2.707 5.084 1.592 "versicolor"
89 5.394 3.009 4.502 1.495 "versicolor"
89 5.998 3.39 4.501 1.606 "versicolor"
89 6.71 3.086 4.69 1.505 "versicolor"
89 6.301 2.296 4.405 1.318 "versicolor"
89 5.607 2.999 4.109 1.289 "versicolor"
89 5.506 2.508 4.007 1.309 "versicolor"
89 5.51 2.607 4.408 1.206 "versicolor"
89 6.104 3.006 4.602 1.4 "versicolor"
89 5.802 2.599 3.98 1.194 "versicolor"
89 5.006 2.313 3.304 1.004 "versicolor"
89 5.612 2.722 4.218 1.293 "versicolor"
89 5.717 3.014 4.192 1.216 "versicolor"
89 5.716 2.905 4.2 1.299 "versicolor"
89 6.205 2.909 4.312 1.298 "versicolor"
89 5.104 2.504 2.999 1.097 "versicolor"
89 5.709 2.791 4.097 1.295 "versicolor"
89 6.311 3.287 6.013 2.498 "virginica"
89 5.807 2.71 5.105 1.896 "virginica"
89 7.103 2.991 5.907 2.103 "virginica"
89 6.301 2.883 5.616 1.801 "virginica"
89 6.5 3.003 5.804 2.201 "virginica"
89 7.596 2.994 6.577 2.074 "virginica"
89 4.908 2.511 4.515 1.695 "virginica"
89 7.31 2.914 6.29 1.818 "virginica"
89 6.7 2.505 5.796 1.779 "virginica"
89 7.19 3.592 6.106 2.492 "virginica"
89 6.497 3.22 5.099 1.993 "virginica"
89 6.411 2.7 5.308 1.9 "virginica"
89 6.794 3 5.5 2.107 "virginica"
89 5.696 2.514 5.004 1.995 "virginica"
89 5.79 2.786 5.091 2.401 "virginica"
89 6.39 3.214 5.285 2.302 "virginica"
89 6.507 2.987 5.516 1.812 "virginica"
89 7.693 3.799 6.699 2.187 "virginica"
89 7.702 2.606 6.902 2.294 "virginica"
89 6.001 2.201 4.998 1.511 "virginica"
89 6.898 3.196 5.71 2.29 "virginica"
89 5.582 2.786 4.892 2.007 "virginica"
89 7.703 2.801 6.693 1.987 "virginica"
89 6.293 2.708 4.9 1.797 "virginica"
89 6.707 3.286 5.694 2.108 "virginica"
89 7.212 3.195 5.995 1.803 "virginica"
89 6.19 2.808 4.796 1.772 "virginica"
89 6.121 2.998 4.905 1.807 "virginica"
89 6.402 2.809 5.595 2.085 "virginica"
89 7.211 2.999 5.798 1.587 "virginica"
89 7.409 2.79 6.088 1.885 "virginica"
89 7.896 3.8 6.419 1.992 "virginica"
89 6.406 2.791 5.595 2.218 "virginica"
89 6.32 2.792 5.098 1.476 "virginica"
89 6.116 2.579 5.602 1.409 "virginica"
89 7.719 2.992 6.115 2.301 "virginica"
89 6.295 3.393 5.614 2.391 "virginica"
89 6.403 3.101 5.51 1.789 "virginica"
89 6.008 3.002 4.793 1.799 "virginica"
89 6.883 3.105 5.407 2.111 "virginica"
89 6.7 3.088 5.599 2.396 "virginica"
89 6.903 3.104 5.102 2.305 "virginica"
89 5.782 2.698 5.105 1.897 "virginica"
89 6.797 3.192 5.907 2.296 "virginica"
89 6.7 3.295 5.699 2.474 "virginica"
89 6.699 2.992 5.193 2.305 "virginica"
89 6.297 2.497 5.002 1.905 "virginica"
89 6.509 3.011 5.201 2.002 "virginica"
89 6.211 3.404 5.417 2.3 "virginica"
89 5.893 3.01 5.102 1.797 "virginica"
