7 5.105 3.496 1.388 0.197 "setosa"
7 4.883 3.01 1.419 0.204 "setosa"
7 4.708 3.204 1.285 0.206 "setosa"
7 4.59 3.095 1.504 0.189 "setosa"
7 4.987 3.589 1.374 0.2 "setosa"
7 5.395 3.905 1.702 0.41 "setosa"
7 4.598 3.392 1.403 0.32 "setosa"
7 4.991 3.404 1.507 0.177 "setosa"
7 4.383 2.911 1.4 0.202 "setosa"
7 4.905 3.093 1.494 0.107 "setosa"
7 5.408 3.695 1.51 0.177 "setosa"
7 4.788 3.404 1.615 0.206 "setosa"
7 4.805 2.986 1.402 0.103 "setosa"
7 4.3 3.017 1.097 0.092 "setosa"
7 5.783 4.023 1.2 0.209 "setosa"
7 5.705 4.39 1.513 0.407 "setosa"
7 5.391 3.899 1.3 0.409 "setosa"
7 5.075 3.514 1.391 0.296 "setosa"
7 5.712 3.791 1.711 0.301 "setosa"
7 5.089 3.798 1.493 0.282 "setosa"
7 5.392 3.403 1.699 0.183 "setosa"
7 5.102 3.712 1.518 0.396 "setosa"
7 4.607 3.606 0.999 0.185 "setosa"
7 5.109 3.282 1.702 0.509 "setosa"
7 4.825 3.416 1.898 0.191 "setosa"
7 4.995 3.01 1.598 0.193 "setosa"
7 4.997 3.398 1.594 0.401 "setosa"
7 5.197 3.516 1.515 0.215 "setosa"
7 5.205 3.398 1.397 0.195 "setosa"
7 4.706 3.196 1.59 0.212 "setosa"
7 4.809 3.106 1.582 0.192 "setosa"
7 5.4 3.398 1.499 0.387 "setosa"
7 5.195 4.069 1.495 0.101 "setosa"
7 5.482 4.199 1.382 0.203 "setosa"
7 4.909 3.102 1.501 0.193 "setosa"
7 5.009 3.191 1.191 0.188 "setosa"
7 5.508 3.502 1.313 0.199 "setosa"
7 4.888 3.611 1.384 0.111 "setosa"
7 4.397 3.021 1.302 0.189 "setosa"
7 5.111 3.402 1.506 0.204 "setosa"
7 4.992 3.511 1.317 0.284 "setosa"
7 4.496 2.307 1.314 0.285 "setosa"
7 4.397 3.197 1.298 0.218 "setosa"
7 5.004 3.5 1.615 0.607 "setosa"
7 5.102 3.791 1.901 0.402 "setosa"
7 4.791 3.016 1.411 0.279 "setosa"
7 5.088 3.797 1.6 0.212 "setosa"
7 4.61 3.192 1.393 0.205 "setosa"
7 5.283 3.697 1.505 0.203 "setosa"
7 4.995 3.298 1.398 0.2 "setosa"
7 7 3.218 4.692 1.403 "versicolor"
7 6.409 3.205 4.511 1.5 "versicolor"
7 6.886 3.095 4.901 1.478 "versicolor"
7 5.495 2.309 4.005 1.278 "versicolor"
7 6.489 2.798 4.6 1.508 "versicolor"
7 5.697 2.801 4.508 1.304 "versicolor"
7 6.302 3.307 4.693 1.6 "versicolor"
7 4.9 2.417 3.291 1.004 "versicolor"
7 6.595 2.89 4.598 1.302 "versicolor"
7 5.195 2.698 3.906 1.379 "versicolor"
7 4.987 2.01 3.506 0.999 "versicolor"
7 5.898 2.999 4.222 1.495 "versicolor"
7 6.003 2.194 3.992 1.014 "versicolor"
7 6.093 2.899 4.702 1.41 "versicolor"
7 5.611 2.882 3.597 1.299 "versicolor"
7 6.695 3.111 4.406 1.385 "versicolor"
7 5.587 3.009 4.496 1.497 "versicolor"
7 5.792 2.687 4.107 1.001 "versicolor"
7 6.197 2.206 4.511 1.503 "versicolor"
7 5.588 2.478 3.909 1.09 "versicolor"
7 5.914 3.192 4.806 1.815 "versicolor"
7 6.098 2.806 3.987 1.304 "versicolor"
7 6.309 2.499 4.898 1.479 "versicolor"
7 6.103 2.8 4.695 1.195 "versicolor"
7 6.395 2.906 4.3 1.273 "versicolor"
7 6.583 3.007 4.4 1.377 "versicolor"
7 6.801 2.798 4.807 1.433 "versicolor"
7 6.7 2.999 5.011 1.703 "versicolor"
7 6.016 2.895 4.491 1.495 "versicolor"
7 5.696 2.604 3.496 1.011 "versicolor"
7 5.509 2.398 3.795 1.119 "versicolor"
7 5.491 2.397 3.692 0.982 "versicolor"
7 5.79 2.709 3.899 1.19 "versicolor"
7 6.004 2.709 5.117 1.583 "versicolor"
7 5.389 3.011 4.496 1.504 "versicolor"
7 5.996 3.404 4.505 1.604 "versicolor"
7 6.7 3.08 4.706 1.494 "versicolor"
7 6.331 2.32 4.402 1.322 "versicolor"
7 5.601 2.983 4.095 1.313 "versicolor"
7 5.516 2.502 4.006 1.311 "versicolor"
7 5.482 2.594 4.395 1.192 "versicolor"
7 6.095 3.002 4.599 1.385 "versicolor"
7 5.789 2.603 4.023 1.204 "versicolor"
7 4.987 2.301 3.297 0.992 "versicolor"
7 5.603 2.691 4.197 1.301 "versicolor"
7 5.722 3.008 4.189 1.179 "versicolor"
7 5.702 2.892 4.196 1.3 "versicolor"
7 6.183 2.897 4.319 1.304 "versicolor"
7 5.092 2.512 3.008 1.099 "versicolor"
7 5.704 2.8 4.111 1.303 "versicolor"
7 6.311 3.295 6.012 2.505 "virginica"
7 5.818 2.697 5.109 1.897 "virginica"
7 7.088 2.993 5.896 2.1 "virginica"
7 6.302 2.891 5.602 1.8 "virginica"
7 6.516 3.008 5.797 2.206 "virginica"
7 7.596 3 6.599 2.113 "virginica"
7 4.899 2.495 4.488 1.698 "virginica"
7 7.295 2.899 6.303 1.806 "virginica"
7 6.723 2.514 5.786 1.803 "virginica"
7 7.196 3.594 6.12 2.508 "virginica"
7 6.502 3.216 5.101 2.013 "virginica"
7 6.399 2.682 5.284 1.904 "virginica"
7 6.799 2.994 5.5 2.117 "virginica"
7 5.699 2.486 4.995 1.999 "virginica"
7 5.806 2.79 5.081 2.376 "virginica"
7 6.386 3.202 5.307 2.311 "virginica"
7 6.516 3.006 5.493 1.803 "virginica"
7 7.707 3.787 6.706 2.209 "virginica"
7 7.692 2.607 6.896 2.292 "virginica"
7 6.002 2.209 5.024 1.499 "virginica"
7 6.901 3.196 5.71 2.302 "virginica"
7 5.608 2.812 4.895 2 "virginica"
7 7.704 2.797 6.685 1.999 "virginica"
7 6.306 2.706 4.908 1.803 "virginica"
7 6.708 3.324 5.712 2.084 "virginica"
7 7.194 3.19 6.005 1.813 "virginica"
7 6.18 2.806 4.802 1.798 "virginica"
7 6.113 2.992 4.912 1.789 "virginica"
7 6.402 2.803 5.598 2.106 "virginica"
7 7.207 3 5.795 1.608 "virginica"
7 7.392 2.808 6.106 1.914 "virginica"
7 7.893 3.801 6.391 1.984 "virginica"
7 6.397 2.798 5.62 2.201 "virginica"
7 6.288 2.803 5.107 1.502 "virginica"
7 6.111 2.599 5.591 1.385 "virginica"
7 7.693 3.009 6.102 2.294 "virginica"
7 6.305 3.4 5.607 2.407 "virginica"
7 6.408 3.091 5.506 1.812 "virginica"
7 6.015 3.01 4.818 1.789 "virginica"
7 6.914 3.1 5.389 2.079 "virginica"
7 6.693 3.105 5.594 2.396 "virginica"
7 6.893 3.091 5.097 2.297 "virginica"
7 5.788 2.709 5.108 1.886 "virginica"
7 6.82 3.186 5.905 2.294 "virginica"
7 6.697 3.29 5.692 2.481 "virginica"
7 6.707 2.98 5.185 2.289 "virginica"
7 6.308 2.504 5.002 1.908 "virginica"
7 6.484 3.016 5.185 2.003 "virginica"
7 6.199 3.409 5.407 2.285 "virginica"
7 5.882 2.999 5.121 1.788 "virginica"
