26 5.103 3.527 1.415 0.197 "setosa"
26 4.889 3.005 1.394 0.202 "setosa"
26 4.701 3.197 1.299 0.191 "setosa"
26 4.594 3.107 1.49 0.202 "setosa"
26 5.005 3.599 1.404 0.209 "setosa"
26 5.41 3.911 1.712 0.389 "setosa"
26 4.59 3.402 1.411 0.283 "setosa"
26 4.994 3.398 1.472 0.191 "setosa"
26 4.417 2.907 1.391 0.198 "setosa"
26 4.899 3.094 1.492 0.088 "setosa"
26 5.395 3.691 1.493 0.189 "setosa"
26 4.783 3.394 1.607 0.205 "setosa"
26 4.81 2.987 1.41 0.103 "setosa"
26 4.298 3.018 1.094 0.105 "setosa"
26 5.809 3.997 1.194 0.193 "setosa"
26 5.703 4.399 1.502 0.39 "setosa"
26 5.389 3.904 1.304 0.411 "setosa"
26 5.112 3.503 1.411 0.287 "setosa"
26 5.707 3.799 1.702 0.284 "setosa"
26 5.093 3.798 1.491 0.316 "setosa"
26 5.41 3.404 1.694 0.195 "setosa"
26 5.085 3.709 1.507 0.404 "setosa"
26 4.604 3.588 0.995 0.201 "setosa"
26 5.118 3.292 1.7 0.504 "setosa"
26 4.798 3.391 1.892 0.203 "setosa"
26 5.005 3.011 1.604 0.203 "setosa"
26 4.994 3.389 1.589 0.393 "setosa"
26 5.194 3.504 1.511 0.204 "setosa"
26 5.205 3.382 1.413 0.225 "setosa"
26 4.713 3.206 1.588 0.196 "setosa"
26 4.798 3.109 1.583 0.198 "setosa"
26 5.382 3.41 1.518 0.404 "setosa"
26 5.2 4.106 1.5 0.082 "setosa"
26 5.508 4.198 1.397 0.209 "setosa"
26 4.906 3.107 1.495 0.205 "setosa"
26 5.005 3.214 1.212 0.197 "setosa"
26 5.508 3.509 1.296 0.203 "setosa"
26 4.91 3.611 1.404 0.113 "setosa"
26 4.411 2.992 1.29 0.216 "setosa"
26 5.092 3.422 1.502 0.211 "setosa"
26 4.999 3.514 1.297 0.297 "setosa"
26 4.511 2.281 1.288 0.301 "setosa"
26 4.405 3.213 1.291 0.191 "setosa"
26 4.995 3.512 1.593 0.613 "setosa"
26 5.108 3.791 1.894 0.38 "setosa"
26 4.809 2.998 1.408 0.301 "setosa"
26 5.096 3.819 1.605 0.195 "setosa"
26 4.601 3.201 1.401 0.204 "setosa"
26 5.306 3.684 1.51 0.204 "setosa"
26 5 3.325 1.382 0.198 "setosa"
26 7.003 3.188 4.703 1.404 "versicolor"
26 6.407 3.206 4.492 1.497 "versicolor"
26 6.89 3.105 4.894 1.501 "versicolor"
26 5.51 2.299 3.982 1.304 "versicolor"
26 6.508 2.787 4.603 1.494 "versicolor"
26 5.694 2.821 4.515 1.3 "versicolor"
26 6.295 3.315 4.701 1.598 "versicolor"
26 4.879 2.405 3.314 1.017 "versicolor"
26 6.598 2.902 4.593 1.312 "versicolor"
26 5.207 2.694 3.91 1.405 "versicolor"
26 5.002 2.004 3.492 1.011 "versicolor"
26 5.887 3.028 4.207 1.484 "versicolor"
26 6.005 2.201 4.008 1.012 "versicolor"
26 6.078 2.896 4.695 1.405 "versicolor"
26 5.615 2.916 3.603 1.306 "versicolor"
26 6.687 3.116 4.383 1.391 "versicolor"
26 5.618 2.989 4.481 1.493 "versicolor"
26 5.808 2.714 4.105 0.995 "versicolor"
26 6.196 2.201 4.507 1.503 "versicolor"
26 5.595 2.495 3.891 1.105 "versicolor"
26 5.888 3.202 4.796 1.832 "versicolor"
26 6.111 2.781 4.003 1.294 "versicolor"
26 6.301 2.486 4.907 1.489 "versicolor"
26 6.076 2.794 4.702 1.186 "versicolor"
26 6.393 2.895 4.301 1.295 "versicolor"
26 6.611 2.996 4.405 1.387 "versicolor"
26 6.811 2.801 4.804 1.38 "versicolor"
26 6.698 2.99 5.002 1.685 "versicolor"
26 5.999 2.904 4.506 1.503 "versicolor"
26 5.673 2.602 3.506 0.976 "versicolor"
26 5.496 2.411 3.812 1.098 "versicolor"
26 5.503 2.412 3.693 0.995 "versicolor"
26 5.796 2.701 3.906 1.18 "versicolor"
26 6.013 2.698 5.092 1.607 "versicolor"
26 5.403 3.011 4.503 1.498 "versicolor"
26 6.022 3.413 4.487 1.608 "versicolor"
26 6.696 3.113 4.704 1.479 "versicolor"
26 6.299 2.294 4.407 1.28 "versicolor"
26 5.599 2.995 4.098 1.307 "versicolor"
26 5.495 2.5 3.985 1.321 "versicolor"
26 5.492 2.603 4.404 1.201 "versicolor"
26 6.095 3.01 4.6 1.413 "versicolor"
26 5.792 2.589 3.985 1.211 "versicolor"
26 4.994 2.313 3.308 1.001 "versicolor"
26 5.589 2.707 4.185 1.307 "versicolor"
26 5.698 2.999 4.192 1.196 "versicolor"
26 5.708 2.891 4.203 1.289 "versicolor"
26 6.214 2.902 4.296 1.29 "versicolor"
26 5.108 2.495 3.011 1.096 "versicolor"
26 5.713 2.816 4.093 1.289 "versicolor"
26 6.297 3.293 5.99 2.498 "virginica"
26 5.798 2.694 5.111 1.905 "virginica"
26 7.101 3.022 5.904 2.1 "virginica"
26 6.276 2.908 5.597 1.785 "virginica"
26 6.502 2.987 5.8 2.197 "virginica"
26 7.596 3.003 6.601 2.119 "virginica"
26 4.886 2.489 4.493 1.683 "virginica"
26 7.306 2.886 6.294 1.783 "virginica"
26 6.683 2.498 5.804 1.813 "virginica"
26 7.21 3.619 6.092 2.486 "virginica"
26 6.496 3.202 5.084 1.995 "virginica"
26 6.416 2.688 5.294 1.886 "virginica"
26 6.811 2.993 5.482 2.097 "virginica"
26 5.707 2.521 5.003 2.025 "virginica"
26 5.824 2.811 5.098 2.427 "virginica"
26 6.392 3.209 5.312 2.302 "virginica"
26 6.504 2.984 5.488 1.777 "virginica"
26 7.708 3.797 6.689 2.206 "virginica"
26 7.714 2.598 6.894 2.316 "virginica"
26 5.999 2.205 4.992 1.509 "virginica"
26 6.888 3.212 5.7 2.309 "virginica"
26 5.597 2.8 4.901 1.994 "virginica"
26 7.696 2.805 6.684 2 "virginica"
26 6.297 2.711 4.886 1.815 "virginica"
26 6.698 3.295 5.702 2.12 "virginica"
26 7.199 3.185 5.997 1.808 "virginica"
26 6.187 2.799 4.807 1.801 "virginica"
26 6.083 2.999 4.915 1.796 "virginica"
26 6.395 2.817 5.59 2.109 "virginica"
26 7.189 3.008 5.796 1.599 "virginica"
26 7.409 2.796 6.107 1.889 "virginica"
26 7.901 3.793 6.411 1.991 "virginica"
26 6.406 2.799 5.597 2.205 "virginica"
26 6.298 2.801 5.092 1.493 "virginica"
26 6.085 2.598 5.61 1.394 "virginica"
26 7.697 3.014 6.096 2.307 "virginica"
26 6.298 3.393 5.592 2.39 "virginica"
26 6.412 3.11 5.51 1.796 "virginica"
26 6.002 3.005 4.794 1.8 "virginica"
26 6.908 3.102 5.398 2.11 "virginica"
26 6.706 3.118 5.596 2.401 "virginica"
26 6.886 3.093 5.12 2.297 "virginica"
26 5.805 2.686 5.113 1.904 "virginica"
26 6.813 3.2 5.902 2.302 "virginica"
26 6.688 3.289 5.689 2.479 "virginica"
26 6.696 3 5.194 2.288 "virginica"
26 6.293 2.51 4.984 1.908 "virginica"
26 6.513 2.988 5.202 1.975 "virginica"
26 6.197 3.408 5.398 2.324 "virginica"
26 5.898 2.982 5.103 1.806 "virginica"
