65 5.112 3.492 1.395 0.208 "setosa"
65 4.902 3.013 1.404 0.202 "setosa"
65 4.689 3.199 1.29 0.204 "setosa"
65 4.601 3.093 1.492 0.187 "setosa"
65 5.01 3.601 1.4 0.206 "setosa"
65 5.4 3.912 1.695 0.395 "setosa"
65 4.604 3.413 1.397 0.302 "setosa"
65 5.018 3.394 1.509 0.184 "setosa"
65 4.406 2.91 1.401 0.211 "setosa"
65 4.887 3.108 1.486 0.092 "setosa"
65 5.396 3.71 1.5 0.19 "setosa"
65 4.796 3.412 1.609 0.196 "setosa"
65 4.808 3.009 1.4 0.097 "setosa"
65 4.294 3.005 1.103 0.087 "setosa"
65 5.803 4 1.201 0.201 "setosa"
65 5.694 4.408 1.507 0.409 "setosa"
65 5.386 3.907 1.292 0.397 "setosa"
65 5.099 3.506 1.392 0.303 "setosa"
65 5.695 3.807 1.704 0.294 "setosa"
65 5.1 3.801 1.481 0.296 "setosa"
65 5.413 3.388 1.69 0.217 "setosa"
65 5.1 3.679 1.521 0.393 "setosa"
65 4.604 3.6 0.987 0.191 "setosa"
65 5.096 3.305 1.713 0.516 "setosa"
65 4.817 3.404 1.908 0.175 "setosa"
65 4.995 2.983 1.604 0.207 "setosa"
65 4.987 3.404 1.606 0.398 "setosa"
65 5.207 3.501 1.505 0.211 "setosa"
65 5.216 3.402 1.402 0.203 "setosa"
65 4.677 3.203 1.593 0.214 "setosa"
65 4.804 3.1 1.602 0.202 "setosa"
65 5.405 3.398 1.508 0.411 "setosa"
65 5.194 4.104 1.514 0.085 "setosa"
65 5.501 4.201 1.404 0.195 "setosa"
65 4.914 3.093 1.507 0.2 "setosa"
65 5.006 3.202 1.194 0.213 "setosa"
65 5.505 3.504 1.292 0.183 "setosa"
65 4.905 3.595 1.399 0.107 "setosa"
65 4.416 3.023 1.293 0.196 "setosa"
65 5.101 3.404 1.514 0.191 "setosa"
65 5.006 3.496 1.291 0.318 "setosa"
65 4.501 2.303 1.292 0.294 "setosa"
65 4.394 3.214 1.311 0.209 "setosa"
65 5.004 3.511 1.597 0.611 "setosa"
65 5.119 3.801 1.905 0.398 "setosa"
65 4.785 3 1.388 0.308 "setosa"
65 5.099 3.803 1.607 0.215 "setosa"
65 4.581 3.193 1.396 0.198 "setosa"
65 5.307 3.708 1.502 0.208 "setosa"
65 5.009 3.307 1.389 0.193 "setosa"
65 6.999 3.206 4.69 1.403 "versicolor"
65 6.379 3.205 4.494 1.473 "versicolor"
65 6.904 3.095 4.9 1.51 "versicolor"
65 5.511 2.301 4.006 1.305 "versicolor"
65 6.491 2.796 4.597 1.501 "versicolor"
65 5.696 2.806 4.497 1.305 "versicolor"
65 6.32 3.296 4.704 1.592 "versicolor"
65 4.903 2.401 3.298 1.002 "versicolor"
65 6.595 2.914 4.591 1.307 "versicolor"
65 5.189 2.708 3.914 1.394 "versicolor"
65 4.996 1.996 3.493 1.007 "versicolor"
65 5.901 2.99 4.204 1.492 "versicolor"
65 6.024 2.205 4 0.998 "versicolor"
65 6.107 2.896 4.7 1.402 "versicolor"
65 5.609 2.895 3.612 1.317 "versicolor"
65 6.711 3.107 4.388 1.406 "versicolor"
65 5.592 2.987 4.507 1.527 "versicolor"
65 5.811 2.692 4.1 0.986 "versicolor"
65 6.198 2.2 4.486 1.485 "versicolor"
65 5.605 2.491 3.902 1.093 "versicolor"
65 5.921 3.199 4.796 1.804 "versicolor"
65 6.089 2.822 3.996 1.317 "versicolor"
65 6.299 2.52 4.897 1.491 "versicolor"
65 6.116 2.781 4.695 1.212 "versicolor"
65 6.404 2.886 4.309 1.299 "versicolor"
65 6.581 3.01 4.409 1.421 "versicolor"
65 6.797 2.794 4.82 1.421 "versicolor"
65 6.698 3.006 4.996 1.703 "versicolor"
65 6.007 2.907 4.508 1.502 "versicolor"
65 5.697 2.599 3.507 0.986 "versicolor"
65 5.496 2.418 3.806 1.097 "versicolor"
65 5.5 2.404 3.714 0.998 "versicolor"
65 5.798 2.704 3.909 1.199 "versicolor"
65 6.023 2.699 5.104 1.608 "versicolor"
65 5.391 3.007 4.494 1.491 "versicolor"
65 6.021 3.389 4.496 1.606 "versicolor"
65 6.694 3.095 4.7 1.475 "versicolor"
65 6.304 2.312 4.409 1.312 "versicolor"
65 5.584 2.991 4.089 1.305 "versicolor"
65 5.492 2.497 3.999 1.312 "versicolor"
65 5.505 2.596 4.393 1.199 "versicolor"
65 6.109 3.011 4.605 1.413 "versicolor"
65 5.799 2.588 3.991 1.217 "versicolor"
65 4.994 2.307 3.307 1.001 "versicolor"
65 5.585 2.702 4.211 1.297 "versicolor"
65 5.695 3.001 4.211 1.183 "versicolor"
65 5.686 2.903 4.201 1.271 "versicolor"
65 6.22 2.887 4.302 1.285 "versicolor"
65 5.116 2.509 2.996 1.126 "versicolor"
65 5.688 2.807 4.11 1.299 "versicolor"
65 6.294 3.289 6.013 2.506 "virginica"
65 5.795 2.703 5.085 1.9 "virginica"
65 7.089 3.01 5.912 2.101 "virginica"
65 6.285 2.907 5.593 1.795 "virginica"
65 6.512 3.005 5.784 2.202 "virginica"
65 7.617 3.021 6.617 2.091 "virginica"
65 4.898 2.497 4.503 1.707 "virginica"
65 7.301 2.888 6.315 1.813 "virginica"
65 6.717 2.496 5.81 1.801 "virginica"
65 7.211 3.596 6.096 2.484 "virginica"
65 6.481 3.215 5.094 1.989 "virginica"
65 6.401 2.704 5.289 1.902 "virginica"
65 6.804 2.99 5.498 2.098 "virginica"
65 5.714 2.519 5.003 1.993 "virginica"
65 5.785 2.814 5.095 2.414 "virginica"
65 6.389 3.205 5.305 2.296 "virginica"
65 6.496 3.005 5.512 1.801 "virginica"
65 7.706 3.804 6.703 2.195 "virginica"
65 7.677 2.596 6.883 2.264 "virginica"
65 6.009 2.201 5.001 1.509 "virginica"
65 6.892 3.198 5.701 2.287 "virginica"
65 5.605 2.809 4.886 2 "virginica"
65 7.687 2.804 6.701 1.997 "virginica"
65 6.291 2.699 4.894 1.787 "virginica"
65 6.697 3.297 5.677 2.114 "virginica"
65 7.205 3.215 6.004 1.808 "virginica"
65 6.203 2.789 4.806 1.784 "virginica"
65 6.093 2.995 4.912 1.8 "virginica"
65 6.403 2.807 5.612 2.109 "virginica"
65 7.205 3.004 5.8 1.605 "virginica"
65 7.397 2.807 6.099 1.915 "virginica"
65 7.911 3.808 6.407 2 "virginica"
65 6.396 2.797 5.604 2.202 "virginica"
65 6.283 2.797 5.096 1.514 "virginica"
65 6.107 2.607 5.591 1.402 "virginica"
65 7.686 2.99 6.108 2.306 "virginica"
65 6.303 3.402 5.602 2.388 "virginica"
65 6.396 3.101 5.5 1.821 "virginica"
65 5.978 3.013 4.793 1.79 "virginica"
65 6.901 3.1 5.412 2.102 "virginica"
65 6.697 3.106 5.576 2.4 "virginica"
65 6.91 3.104 5.086 2.308 "virginica"
65 5.81 2.681 5.111 1.899 "virginica"
65 6.797 3.197 5.898 2.3 "virginica"
65 6.707 3.273 5.702 2.489 "virginica"
65 6.719 2.998 5.216 2.289 "virginica"
65 6.304 2.499 4.999 1.904 "virginica"
65 6.499 3.007 5.21 1.999 "virginica"
65 6.205 3.411 5.391 2.282 "virginica"
65 5.885 3.014 5.084 1.815 "virginica"
