100 5.106 3.503 1.393 0.225 "setosa"
100 4.906 3.014 1.405 0.183 "setosa"
100 4.705 3.184 1.31 0.197 "setosa"
100 4.595 3.108 1.524 0.203 "setosa"
100 4.997 3.597 1.419 0.199 "setosa"
100 5.406 3.9 1.691 0.398 "setosa"
100 4.612 3.406 1.389 0.29 "setosa"
100 4.989 3.389 1.487 0.174 "setosa"
100 4.408 2.903 1.391 0.188 "setosa"
100 4.887 3.095 1.516 0.108 "setosa"
100 5.392 3.702 1.498 0.209 "setosa"
100 4.793 3.39 1.607 0.203 "setosa"
100 4.812 2.991 1.407 0.109 "setosa"
100 4.296 3.011 1.094 0.077 "setosa"
100 5.784 3.992 1.188 0.185 "setosa"
100 5.712 4.395 1.506 0.407 "setosa"
100 5.399 3.894 1.323 0.408 "setosa"
100 5.087 3.489 1.415 0.304 "setosa"
100 5.686 3.795 1.687 0.316 "setosa"
100 5.121 3.791 1.5 0.289 "setosa"
100 5.388 3.409 1.693 0.197 "setosa"
100 5.117 3.715 1.495 0.385 "setosa"
100 4.591 3.617 1.006 0.204 "setosa"
100 5.094 3.305 1.708 0.514 "setosa"
100 4.813 3.4 1.897 0.191 "setosa"
100 5.027 3.009 1.611 0.192 "setosa"
100 4.995 3.388 1.616 0.392 "setosa"
100 5.184 3.497 1.507 0.203 "setosa"
100 5.212 3.39 1.397 0.19 "setosa"
100 4.706 3.204 1.605 0.198 "setosa"
100 4.777 3.115 1.62 0.218 "setosa"
100 5.412 3.396 1.497 0.391 "setosa"
100 5.177 4.097 1.501 0.107 "setosa"
100 5.506 4.193 1.402 0.201 "setosa"
100 4.912 3.089 1.512 0.208 "setosa"
100 5.002 3.205 1.197 0.189 "setosa"
100 5.524 3.507 1.3 0.182 "setosa"
100 4.9 3.599 1.423 0.103 "setosa"
100 4.404 3.001 1.314 0.218 "setosa"
100 5.112 3.396 1.502 0.202 "setosa"
100 5 3.481 1.31 0.296 "setosa"
100 4.508 2.294 1.306 0.298 "setosa"
100 4.398 3.207 1.31 0.197 "setosa"
100 4.981 3.499 1.609 0.611 "setosa"
100 5.098 3.802 1.899 0.393 "setosa"
100 4.807 2.992 1.402 0.299 "setosa"
100 5.104 3.804 1.621 0.215 "setosa"
100 4.594 3.206 1.405 0.203 "setosa"
100 5.297 3.693 1.503 0.185 "setosa"
100 5.005 3.288 1.411 0.2 "setosa"
100 7.007 3.208 4.689 1.399 "versicolor"
100 6.397 3.202 4.493 1.512 "versicolor"
100 6.899 3.092 4.896 1.482 "versicolor"
100 5.493 2.315 3.996 1.293 "versicolor"
100 6.489 2.809 4.595 1.504 "versicolor"
100 5.706 2.802 4.498 1.308 "versicolor"
100 6.318 3.302 4.702 1.598 "versicolor"
100 4.895 2.394 3.285 0.995 "versicolor"
100 6.593 2.896 4.609 1.296 "versicolor"
100 5.188 2.689 3.901 1.408 "versicolor"
100 4.981 1.99 3.492 1 "versicolor"
100 5.914 2.984 4.201 1.515 "versicolor"
100 5.992 2.181 3.995 1 "versicolor"
100 6.092 2.892 4.697 1.415 "versicolor"
100 5.597 2.897 3.601 1.278 "versicolor"
100 6.71 3.088 4.395 1.4 "versicolor"
100 5.619 2.991 4.507 1.495 "versicolor"
100 5.801 2.692 4.096 0.998 "versicolor"
100 6.217 2.208 4.497 1.494 "versicolor"
100 5.616 2.504 3.885 1.106 "versicolor"
100 5.902 3.192 4.795 1.808 "versicolor"
100 6.118 2.799 3.995 1.31 "versicolor"
100 6.293 2.497 4.925 1.493 "versicolor"
100 6.1 2.795 4.695 1.193 "versicolor"
100 6.398 2.892 4.291 1.293 "versicolor"
100 6.591 3.006 4.396 1.404 "versicolor"
100 6.799 2.8 4.821 1.416 "versicolor"
100 6.702 2.995 5.01 1.704 "versicolor"
100 6.016 2.896 4.491 1.522 "versicolor"
100 5.688 2.604 3.524 0.99 "versicolor"
100 5.496 2.399 3.786 1.096 "versicolor"
100 5.494 2.396 3.707 0.993 "versicolor"
100 5.795 2.691 3.92 1.193 "versicolor"
100 5.991 2.698 5.101 1.605 "versicolor"
100 5.404 2.991 4.507 1.516 "versicolor"
100 6.003 3.395 4.506 1.587 "versicolor"
100 6.696 3.107 4.712 1.503 "versicolor"
100 6.29 2.315 4.407 1.292 "versicolor"
100 5.604 3.005 4.093 1.297 "versicolor"
100 5.513 2.511 3.995 1.283 "versicolor"
100 5.492 2.6 4.403 1.204 "versicolor"
100 6.11 3.007 4.602 1.379 "versicolor"
100 5.811 2.595 3.999 1.199 "versicolor"
100 5.004 2.299 3.294 0.998 "versicolor"
100 5.604 2.715 4.19 1.288 "versicolor"
100 5.715 3.005 4.202 1.206 "versicolor"
100 5.701 2.893 4.194 1.322 "versicolor"
100 6.204 2.908 4.307 1.312 "versicolor"
100 5.111 2.49 2.998 1.089 "versicolor"
100 5.676 2.802 4.093 1.3 "versicolor"
100 6.301 3.301 6.004 2.497 "virginica"
100 5.808 2.692 5.1 1.895 "virginica"
100 7.103 3.014 5.904 2.101 "virginica"
100 6.305 2.904 5.607 1.806 "virginica"
100 6.49 2.998 5.819 2.203 "virginica"
100 7.61 3.004 6.609 2.116 "virginica"
100 4.895 2.515 4.489 1.703 "virginica"
100 7.306 2.903 6.295 1.802 "virginica"
100 6.705 2.513 5.804 1.781 "virginica"
100 7.213 3.599 6.094 2.495 "virginica"
100 6.491 3.198 5.094 1.983 "virginica"
100 6.406 2.699 5.291 1.922 "virginica"
100 6.778 2.99 5.499 2.084 "virginica"
100 5.699 2.498 4.969 1.993 "virginica"
100 5.819 2.789 5.096 2.401 "virginica"
100 6.398 3.184 5.31 2.304 "virginica"
100 6.502 2.998 5.502 1.803 "virginica"
100 7.731 3.794 6.714 2.2 "virginica"
100 7.707 2.611 6.911 2.304 "virginica"
100 6.015 2.204 5.002 1.494 "virginica"
100 6.909 3.196 5.689 2.304 "virginica"
100 5.613 2.811 4.905 1.995 "virginica"
100 7.71 2.79 6.724 1.999 "virginica"
100 6.309 2.716 4.89 1.808 "virginica"
100 6.712 3.299 5.705 2.108 "virginica"
100 7.172 3.198 5.998 1.804 "virginica"
100 6.205 2.818 4.806 1.781 "virginica"
100 6.102 3.002 4.906 1.79 "virginica"
100 6.387 2.808 5.597 2.093 "virginica"
100 7.209 3.01 5.792 1.593 "virginica"
100 7.403 2.808 6.109 1.902 "virginica"
100 7.906 3.794 6.393 2.004 "virginica"
100 6.398 2.789 5.613 2.209 "virginica"
100 6.285 2.795 5.105 1.489 "virginica"
100 6.112 2.608 5.597 1.397 "virginica"
100 7.705 3.002 6.095 2.283 "virginica"
100 6.298 3.414 5.585 2.4 "virginica"
100 6.406 3.101 5.502 1.796 "virginica"
100 6.017 3.016 4.793 1.806 "virginica"
100 6.901 3.098 5.401 2.078 "virginica"
100 6.711 3.099 5.614 2.4 "virginica"
100 6.902 3.105 5.118 2.297 "virginica"
100 5.794 2.709 5.089 1.896 "virginica"
100 6.793 3.197 5.892 2.302 "virginica"
100 6.717 3.295 5.711 2.517 "virginica"
100 6.685 2.999 5.178 2.304 "virginica"
100 6.307 2.506 4.993 1.907 "virginica"
100 6.489 3.005 5.237 1.997 "virginica"
100 6.184 3.409 5.415 2.306 "virginica"
100 5.889 3.008 5.089 1.803 "virginica"
