1 5.122 3.479 1.4 0.208 "setosa"
1 4.899 3.011 1.399 0.184 "setosa"
1 4.695 3.191 1.292 0.207 "setosa"
1 4.58 3.085 1.495 0.199 "setosa"
1 4.995 3.604 1.393 0.186 "setosa"
1 5.415 3.886 1.682 0.41 "setosa"
1 4.6 3.405 1.378 0.297 "setosa"
1 5.001 3.405 1.493 0.2 "setosa"
1 4.402 2.901 1.411 0.196 "setosa"
1 4.892 3.095 1.5 0.097 "setosa"
1 5.418 3.702 1.515 0.207 "setosa"
1 4.797 3.398 1.583 0.188 "setosa"
1 4.799 2.997 1.39 0.093 "setosa"
1 4.273 2.998 1.086 0.112 "setosa"
1 5.802 3.992 1.18 0.21 "setosa"
1 5.698 4.411 1.484 0.397 "setosa"
1 5.383 3.902 1.301 0.407 "setosa"
1 5.114 3.508 1.414 0.309 "setosa"
1 5.699 3.794 1.689 0.304 "setosa"
1 5.099 3.812 1.499 0.294 "setosa"
1 5.396 3.415 1.691 0.199 "setosa"
1 5.105 3.687 1.502 0.397 "setosa"
1 4.608 3.594 0.995 0.199 "setosa"
1 5.109 3.311 1.698 0.498 "setosa"
1 4.81 3.411 1.889 0.21 "setosa"
1 5.008 2.993 1.577 0.202 "setosa"
1 4.987 3.399 1.618 0.402 "setosa"
1 5.189 3.501 1.494 0.192 "setosa"
1 5.221 3.401 1.397 0.208 "setosa"
1 4.686 3.197 1.58 0.196 "setosa"
1 4.779 3.093 1.584 0.197 "setosa"
1 5.383 3.415 1.513 0.397 "setosa"
1 5.188 4.103 1.494 0.108 "setosa"
1 5.506 4.197 1.39 0.201 "setosa"
1 4.892 3.123 1.512 0.21 "setosa"
1 4.987 3.215 1.216 0.2 "setosa"
1 5.482 3.484 1.277 0.212 "setosa"
1 4.909 3.592 1.405 0.103 "setosa"
1 4.389 2.986 1.293 0.212 "setosa"
1 5.121 3.388 1.49 0.178 "setosa"
1 5.007 3.503 1.301 0.295 "setosa"
1 4.49 2.302 1.301 0.309 "setosa"
1 4.408 3.209 1.291 0.208 "setosa"
1 4.997 3.513 1.585 0.6 "setosa"
1 5.106 3.805 1.909 0.408 "setosa"
1 4.796 3.018 1.39 0.303 "setosa"
1 5.115 3.791 1.617 0.181 "setosa"
1 4.6 3.214 1.381 0.194 "setosa"
1 5.304 3.689 1.507 0.196 "setosa"
1 5.011 3.301 1.391 0.181 "setosa"
1 6.981 3.214 4.704 1.404 "versicolor"
1 6.404 3.203 4.487 1.519 "versicolor"
1 6.913 3.106 4.896 1.508 "versicolor"
1 5.5 2.305 4.002 1.296 "versicolor"
1 6.493 2.798 4.601 1.511 "versicolor"
1 5.695 2.793 4.505 1.299 "versicolor"
1 6.287 3.308 4.707 1.586 "versicolor"
1 4.889 2.394 3.306 1.004 "versicolor"
1 6.609 2.896 4.58 1.318 "versicolor"
1 5.201 2.716 3.896 1.379 "versicolor"
1 5.006 2.01 3.493 1 "versicolor"
1 5.904 2.999 4.202 1.502 "versicolor"
1 6 2.196 3.988 1.011 "versicolor"
1 6.103 2.899 4.688 1.393 "versicolor"
1 5.6 2.905 3.605 1.289 "versicolor"
1 6.698 3.115 4.386 1.401 "versicolor"
1 5.602 3.011 4.489 1.504 "versicolor"
1 5.798 2.715 4.085 1.002 "versicolor"
1 6.184 2.205 4.499 1.498 "versicolor"
1 5.595 2.501 3.905 1.094 "versicolor"
1 5.906 3.214 4.803 1.81 "versicolor"
1 6.104 2.804 4.009 1.298 "versicolor"
1 6.28 2.501 4.922 1.498 "versicolor"
1 6.104 2.78 4.705 1.203 "versicolor"
1 6.377 2.898 4.303 1.304 "versicolor"
1 6.588 3.004 4.394 1.395 "versicolor"
1 6.799 2.818 4.82 1.398 "versicolor"
1 6.703 3.001 4.99 1.704 "versicolor"
1 6.018 2.883 4.504 1.501 "versicolor"
1 5.698 2.616 3.501 0.997 "versicolor"
1 5.48 2.409 3.798 1.11 "versicolor"
1 5.498 2.403 3.695 0.998 "versicolor"
1 5.796 2.697 3.916 1.247 "versicolor"
1 5.995 2.698 5.095 1.61 "versicolor"
1 5.394 2.998 4.52 1.51 "versicolor"
1 5.996 3.388 4.493 1.601 "versicolor"
1 6.705 3.104 4.699 1.488 "versicolor"
1 6.304 2.298 4.393 1.288 "versicolor"
1 5.586 2.995 4.113 1.289 "versicolor"
1 5.497 2.501 3.995 1.296 "versicolor"
1 5.503 2.59 4.418 1.2 "versicolor"
1 6.101 2.977 4.593 1.376 "versicolor"
1 5.817 2.609 3.996 1.214 "versicolor"
1 4.997 2.289 3.296 0.997 "versicolor"
1 5.594 2.704 4.198 1.299 "versicolor"
1 5.734 3.009 4.2 1.195 "versicolor"
1 5.711 2.908 4.206 1.306 "versicolor"
1 6.203 2.906 4.292 1.317 "versicolor"
1 5.097 2.501 2.974 1.105 "versicolor"
1 5.706 2.804 4.094 1.304 "versicolor"
1 6.303 3.288 6.003 2.507 "virginica"
1 5.798 2.685 5.126 1.911 "virginica"
1 7.119 3.017 5.895 2.091 "virginica"
1 6.296 2.895 5.584 1.8 "virginica"
1 6.51 2.997 5.783 2.19 "virginica"
1 7.579 2.988 6.585 2.101 "virginica"
1 4.891 2.49 4.497 1.715 "virginica"
1 7.3 2.915 6.297 1.794 "virginica"
1 6.686 2.498 5.796 1.796 "virginica"
1 7.205 3.608 6.085 2.498 "virginica"
1 6.505 3.207 5.077 2.011 "virginica"
1 6.396 2.704 5.294 1.904 "virginica"
1 6.808 2.995 5.495 2.097 "virginica"
1 5.716 2.5 5.008 1.993 "virginica"
1 5.782 2.79 5.106 2.399 "virginica"
1 6.395 3.192 5.323 2.315 "virginica"
1 6.497 2.989 5.503 1.817 "virginica"
1 7.707 3.81 6.719 2.189 "virginica"
1 7.705 2.614 6.898 2.314 "virginica"
1 6.02 2.204 5.01 1.498 "virginica"
1 6.892 3.181 5.701 2.289 "virginica"
1 5.588 2.806 4.899 1.991 "virginica"
1 7.704 2.784 6.71 2.007 "virginica"
1 6.304 2.725 4.899 1.811 "virginica"
1 6.695 3.296 5.708 2.12 "virginica"
1 7.203 3.213 5.985 1.816 "virginica"
1 6.2 2.797 4.812 1.815 "virginica"
1 6.104 3.008 4.891 1.812 "virginica"
1 6.387 2.809 5.601 2.109 "virginica"
1 7.204 2.995 5.811 1.595 "virginica"
1 7.386 2.79 6.104 1.9 "virginica"
1 7.905 3.811 6.398 2.011 "virginica"
1 6.396 2.796 5.596 2.193 "virginica"
1 6.304 2.811 5.089 1.487 "virginica"
1 6.079 2.604 5.595 1.392 "virginica"
1 7.69 2.998 6.115 2.318 "virginica"
1 6.297 3.396 5.587 2.404 "virginica"
1 6.372 3.094 5.504 1.804 "virginica"
1 6.006 3.005 4.795 1.812 "virginica"
1 6.911 3.09 5.389 2.079 "virginica"
1 6.686 3.085 5.595 2.394 "virginica"
1 6.9 3.082 5.103 2.291 "virginica"
1 5.813 2.694 5.082 1.911 "virginica"
1 6.798 3.2 5.9 2.293 "virginica"
1 6.706 3.292 5.698 2.487 "virginica"
1 6.716 3.012 5.198 2.303 "virginica"
1 6.292 2.479 4.988 1.916 "virginica"
1 6.501 3.008 5.204 2.016 "virginica"
1 6.202 3.396 5.395 2.302 "virginica"
1 5.891 3.021 5.109 1.802 "virginica"
