96 5.105 3.518 1.398 0.194 "setosa"
96 4.914 2.98 1.399 0.198 "setosa"
96 4.691 3.201 1.298 0.195 "setosa"
96 4.606 3.088 1.49 0.196 "setosa"
96 5.015 3.601 1.414 0.194 "setosa"
96 5.396 3.894 1.698 0.392 "setosa"
96 4.599 3.393 1.402 0.304 "setosa"
96 4.996 3.387 1.5 0.201 "setosa"
96 4.403 2.905 1.387 0.218 "setosa"
96 4.893 3.094 1.514 0.113 "setosa"
96 5.414 3.697 1.509 0.212 "setosa"
96 4.789 3.42 1.589 0.197 "setosa"
96 4.813 3.002 1.421 0.099 "setosa"
96 4.304 3.011 1.099 0.11 "setosa"
96 5.786 4.013 1.205 0.199 "setosa"
96 5.714 4.399 1.514 0.404 "setosa"
96 5.406 3.895 1.284 0.414 "setosa"
96 5.099 3.506 1.414 0.312 "setosa"
96 5.679 3.802 1.696 0.307 "setosa"
96 5.109 3.797 1.497 0.279 "setosa"
96 5.401 3.414 1.696 0.197 "setosa"
96 5.113 3.712 1.501 0.394 "setosa"
96 4.594 3.58 0.998 0.191 "setosa"
96 5.104 3.284 1.713 0.489 "setosa"
96 4.808 3.4 1.907 0.204 "setosa"
96 5.002 3.03 1.605 0.209 "setosa"
96 5.008 3.407 1.605 0.411 "setosa"
96 5.205 3.513 1.498 0.194 "setosa"
96 5.188 3.4 1.402 0.195 "setosa"
96 4.689 3.189 1.585 0.194 "setosa"
96 4.788 3.103 1.587 0.214 "setosa"
96 5.41 3.408 1.5 0.396 "setosa"
96 5.204 4.112 1.504 0.106 "setosa"
96 5.502 4.206 1.406 0.177 "setosa"
96 4.897 3.083 1.492 0.2 "setosa"
96 5 3.201 1.189 0.192 "setosa"
96 5.501 3.501 1.3 0.21 "setosa"
96 4.898 3.593 1.401 0.125 "setosa"
96 4.376 2.997 1.287 0.196 "setosa"
96 5.089 3.385 1.503 0.199 "setosa"
96 4.988 3.506 1.3 0.303 "setosa"
96 4.486 2.296 1.301 0.303 "setosa"
96 4.412 3.201 1.296 0.205 "setosa"
96 4.992 3.503 1.609 0.602 "setosa"
96 5.096 3.802 1.901 0.396 "setosa"
96 4.792 3.007 1.396 0.294 "setosa"
96 5.11 3.81 1.587 0.197 "setosa"
96 4.598 3.193 1.407 0.194 "setosa"
96 5.314 3.692 1.509 0.207 "setosa"
96 4.996 3.296 1.41 0.184 "setosa"
96 6.993 3.185 4.702 1.4 "versicolor"
96 6.42 3.198 4.492 1.478 "versicolor"
96 6.9 3.103 4.899 1.509 "versicolor"
96 5.496 2.307 4.016 1.304 "versicolor"
96 6.491 2.798 4.6 1.499 "versicolor"
96 5.693 2.799 4.485 1.3 "versicolor"
96 6.306 3.294 4.708 1.601 "versicolor"
96 4.887 2.403 3.293 0.991 "versicolor"
96 6.61 2.892 4.598 1.328 "versicolor"
96 5.212 2.696 3.897 1.41 "versicolor"
96 5.01 2.004 3.503 1.01 "versicolor"
96 5.909 2.994 4.204 1.506 "versicolor"
96 5.993 2.212 3.982 1.003 "versicolor"
96 6.102 2.897 4.71 1.387 "versicolor"
96 5.607 2.885 3.575 1.286 "versicolor"
96 6.7 3.111 4.39 1.404 "versicolor"
96 5.597 3.002 4.497 1.494 "versicolor"
96 5.799 2.721 4.096 0.992 "versicolor"
96 6.206 2.21 4.494 1.485 "versicolor"
96 5.587 2.498 3.896 1.121 "versicolor"
96 5.905 3.195 4.783 1.809 "versicolor"
96 6.08 2.797 3.999 1.304 "versicolor"
96 6.294 2.507 4.897 1.53 "versicolor"
96 6.089 2.813 4.696 1.193 "versicolor"
96 6.403 2.889 4.299 1.293 "versicolor"
96 6.605 2.998 4.393 1.401 "versicolor"
96 6.802 2.793 4.799 1.39 "versicolor"
96 6.714 3.011 5.001 1.699 "versicolor"
96 5.993 2.894 4.493 1.489 "versicolor"
96 5.705 2.618 3.517 1.002 "versicolor"
96 5.495 2.405 3.8 1.097 "versicolor"
96 5.505 2.398 3.707 0.987 "versicolor"
96 5.781 2.706 3.91 1.213 "versicolor"
96 6.002 2.709 5.112 1.604 "versicolor"
96 5.404 2.992 4.495 1.5 "versicolor"
96 6.014 3.396 4.498 1.601 "versicolor"
96 6.689 3.114 4.683 1.505 "versicolor"
96 6.296 2.315 4.402 1.303 "versicolor"
96 5.6 3.003 4.09 1.282 "versicolor"
96 5.489 2.495 3.998 1.325 "versicolor"
96 5.498 2.593 4.408 1.201 "versicolor"
96 6.094 2.995 4.601 1.4 "versicolor"
96 5.786 2.619 4.013 1.196 "versicolor"
96 5.023 2.315 3.318 0.998 "versicolor"
96 5.598 2.694 4.195 1.314 "versicolor"
96 5.724 3.01 4.185 1.204 "versicolor"
96 5.699 2.908 4.21 1.286 "versicolor"
96 6.187 2.916 4.302 1.304 "versicolor"
96 5.112 2.509 2.986 1.091 "versicolor"
96 5.704 2.807 4.095 1.312 "versicolor"
96 6.307 3.305 6.017 2.502 "virginica"
96 5.806 2.713 5.11 1.898 "virginica"
96 7.105 2.988 5.908 2.095 "virginica"
96 6.315 2.904 5.592 1.788 "virginica"
96 6.497 3.02 5.81 2.191 "virginica"
96 7.6 3.01 6.591 2.084 "virginica"
96 4.894 2.507 4.498 1.693 "virginica"
96 7.314 2.899 6.297 1.799 "virginica"
96 6.699 2.509 5.8 1.801 "virginica"
96 7.186 3.59 6.106 2.501 "virginica"
96 6.5 3.205 5.101 2.004 "virginica"
96 6.404 2.707 5.306 1.898 "virginica"
96 6.788 3.004 5.486 2.092 "virginica"
96 5.714 2.508 4.998 2.001 "virginica"
96 5.81 2.805 5.085 2.397 "virginica"
96 6.413 3.163 5.316 2.291 "virginica"
96 6.509 2.986 5.497 1.793 "virginica"
96 7.701 3.808 6.699 2.205 "virginica"
96 7.69 2.605 6.907 2.298 "virginica"
96 5.982 2.207 5.011 1.494 "virginica"
96 6.902 3.196 5.71 2.295 "virginica"
96 5.609 2.806 4.898 2.012 "virginica"
96 7.692 2.812 6.717 2.023 "virginica"
96 6.305 2.696 4.897 1.776 "virginica"
96 6.691 3.287 5.682 2.096 "virginica"
96 7.197 3.203 6.009 1.808 "virginica"
96 6.214 2.786 4.805 1.787 "virginica"
96 6.108 3.01 4.888 1.811 "virginica"
96 6.382 2.788 5.604 2.114 "virginica"
96 7.196 3 5.799 1.599 "virginica"
96 7.411 2.793 6.106 1.927 "virginica"
96 7.9 3.792 6.416 2 "virginica"
96 6.397 2.79 5.613 2.19 "virginica"
96 6.28 2.792 5.097 1.492 "virginica"
96 6.105 2.6 5.604 1.399 "virginica"
96 7.715 3.006 6.094 2.294 "virginica"
96 6.298 3.392 5.612 2.405 "virginica"
96 6.407 3.11 5.501 1.8 "virginica"
96 5.997 3.005 4.816 1.804 "virginica"
96 6.901 3.101 5.375 2.097 "virginica"
96 6.709 3.096 5.608 2.401 "virginica"
96 6.898 3.091 5.112 2.313 "virginica"
96 5.813 2.705 5.111 1.9 "virginica"
96 6.801 3.198 5.903 2.279 "virginica"
96 6.699 3.291 5.688 2.494 "virginica"
96 6.688 3.006 5.204 2.305 "virginica"
96 6.306 2.508 4.99 1.895 "virginica"
96 6.51 2.987 5.206 1.999 "virginica"
96 6.21 3.421 5.398 2.306 "virginica"
96 5.901 3.009 5.107 1.803 "virginica"
