21 5.101 3.499 1.39 0.194 "setosa"
21 4.893 3.019 1.421 0.202 "setosa"
21 4.714 3.188 1.296 0.212 "setosa"
21 4.585 3.086 1.503 0.206 "setosa"
21 5.004 3.608 1.404 0.211 "setosa"
21 5.4 3.911 1.707 0.399 "setosa"
21 4.594 3.389 1.396 0.311 "setosa"
21 5.004 3.404 1.517 0.203 "setosa"
21 4.4 2.892 1.4 0.222 "setosa"
21 4.904 3.107 1.513 0.099 "setosa"
21 5.408 3.702 1.491 0.195 "setosa"
21 4.785 3.411 1.602 0.193 "setosa"
21 4.807 2.994 1.395 0.095 "setosa"
21 4.307 3.021 1.107 0.108 "setosa"
21 5.796 3.996 1.215 0.202 "setosa"
21 5.696 4.42 1.509 0.41 "setosa"
21 5.409 3.904 1.306 0.398 "setosa"
21 5.102 3.499 1.416 0.305 "setosa"
21 5.71 3.806 1.696 0.295 "setosa"
21 5.108 3.817 1.51 0.31 "setosa"
21 5.405 3.4 1.723 0.203 "setosa"
21 5.098 3.708 1.507 0.416 "setosa"
21 4.586 3.597 1.002 0.184 "setosa"
21 5.096 3.29 1.694 0.496 "setosa"
21 4.814 3.413 1.902 0.197 "setosa"
21 4.995 3.009 1.566 0.199 "setosa"
21 5.001 3.383 1.585 0.408 "setosa"
21 5.188 3.513 1.499 0.19 "setosa"
21 5.212 3.387 1.398 0.189 "setosa"
21 4.7 3.181 1.614 0.205 "setosa"
21 4.803 3.078 1.592 0.21 "setosa"
21 5.393 3.413 1.494 0.398 "setosa"
21 5.191 4.093 1.503 0.087 "setosa"
21 5.493 4.212 1.39 0.197 "setosa"
21 4.904 3.107 1.503 0.193 "setosa"
21 5.002 3.195 1.204 0.202 "setosa"
21 5.507 3.509 1.298 0.204 "setosa"
21 4.9 3.619 1.405 0.086 "setosa"
21 4.412 2.99 1.307 0.196 "setosa"
21 5.093 3.402 1.513 0.196 "setosa"
21 4.994 3.508 1.285 0.286 "setosa"
21 4.485 2.304 1.275 0.297 "setosa"
21 4.396 3.219 1.295 0.214 "setosa"
21 5.024 3.506 1.604 0.616 "setosa"
21 5.106 3.812 1.904 0.42 "setosa"
21 4.797 2.994 1.382 0.289 "setosa"
21 5.104 3.809 1.603 0.191 "setosa"
21 4.609 3.192 1.401 0.206 "setosa"
21 5.3 3.715 1.491 0.194 "setosa"
21 4.987 3.314 1.397 0.221 "setosa"
21 7.007 3.195 4.69 1.391 "versicolor"
21 6.413 3.194 4.496 1.496 "versicolor"
21 6.902 3.097 4.892 1.485 "versicolor"
21 5.513 2.294 3.997 1.29 "versicolor"
21 6.51 2.813 4.607 1.518 "versicolor"
21 5.71 2.794 4.491 1.296 "versicolor"
21 6.294 3.304 4.721 1.583 "versicolor"
21 4.888 2.387 3.306 1.004 "versicolor"
21 6.615 2.888 4.596 1.3 "versicolor"
21 5.195 2.693 3.897 1.385 "versicolor"
21 4.999 2.004 3.5 0.997 "versicolor"
21 5.891 2.98 4.193 1.516 "versicolor"
21 5.973 2.195 4.004 1.002 "versicolor"
21 6.091 2.897 4.706 1.397 "versicolor"
21 5.594 2.893 3.618 1.298 "versicolor"
21 6.703 3.091 4.398 1.39 "versicolor"
21 5.604 2.99 4.489 1.5 "versicolor"
21 5.794 2.7 4.108 1.003 "versicolor"
21 6.189 2.196 4.49 1.495 "versicolor"
21 5.61 2.504 3.901 1.094 "versicolor"
21 5.9 3.195 4.802 1.819 "versicolor"
21 6.091 2.804 4.012 1.297 "versicolor"
21 6.294 2.511 4.888 1.489 "versicolor"
21 6.097 2.795 4.708 1.188 "versicolor"
21 6.407 2.904 4.293 1.303 "versicolor"
21 6.613 2.989 4.389 1.398 "versicolor"
21 6.796 2.809 4.782 1.388 "versicolor"
21 6.672 2.989 5.011 1.698 "versicolor"
21 5.995 2.908 4.513 1.494 "versicolor"
21 5.7 2.602 3.484 0.994 "versicolor"
21 5.497 2.394 3.8 1.097 "versicolor"
21 5.494 2.395 3.703 0.993 "versicolor"
21 5.794 2.697 3.896 1.222 "versicolor"
21 5.989 2.699 5.105 1.592 "versicolor"
21 5.409 2.988 4.483 1.485 "versicolor"
21 5.997 3.408 4.508 1.608 "versicolor"
21 6.693 3.119 4.69 1.514 "versicolor"
21 6.315 2.297 4.408 1.285 "versicolor"
21 5.608 2.985 4.074 1.304 "versicolor"
21 5.496 2.494 4.008 1.298 "versicolor"
21 5.484 2.576 4.4 1.213 "versicolor"
21 6.101 3.003 4.596 1.408 "versicolor"
21 5.79 2.6 4.007 1.196 "versicolor"
21 5.005 2.295 3.309 1.005 "versicolor"
21 5.628 2.716 4.204 1.307 "versicolor"
21 5.693 3.022 4.193 1.189 "versicolor"
21 5.703 2.884 4.211 1.313 "versicolor"
21 6.182 2.898 4.289 1.305 "versicolor"
21 5.104 2.492 2.994 1.103 "versicolor"
21 5.707 2.798 4.105 1.307 "versicolor"
21 6.277 3.299 5.99 2.476 "virginica"
21 5.796 2.692 5.1 1.885 "virginica"
21 7.111 3.006 5.892 2.094 "virginica"
21 6.309 2.911 5.604 1.811 "virginica"
21 6.499 2.988 5.811 2.184 "virginica"
21 7.606 2.992 6.6 2.109 "virginica"
21 4.902 2.493 4.506 1.69 "virginica"
21 7.298 2.903 6.299 1.794 "virginica"
21 6.68 2.473 5.787 1.809 "virginica"
21 7.189 3.599 6.092 2.491 "virginica"
21 6.508 3.208 5.1 2.017 "virginica"
21 6.405 2.696 5.293 1.896 "virginica"
21 6.796 3 5.501 2.095 "virginica"
21 5.701 2.486 4.99 1.999 "virginica"
21 5.822 2.809 5.107 2.388 "virginica"
21 6.414 3.205 5.293 2.278 "virginica"
21 6.503 3.009 5.492 1.797 "virginica"
21 7.708 3.814 6.706 2.212 "virginica"
21 7.678 2.604 6.897 2.297 "virginica"
21 5.995 2.202 5.02 1.495 "virginica"
21 6.898 3.193 5.675 2.292 "virginica"
21 5.59 2.794 4.883 2.002 "virginica"
21 7.703 2.79 6.688 1.991 "virginica"
21 6.305 2.704 4.913 1.809 "virginica"
21 6.715 3.301 5.709 2.093 "virginica"
21 7.219 3.201 6.013 1.79 "virginica"
21 6.201 2.792 4.793 1.804 "virginica"
21 6.09 2.984 4.9 1.802 "virginica"
21 6.405 2.796 5.609 2.099 "virginica"
21 7.191 3.009 5.812 1.594 "virginica"
21 7.426 2.817 6.091 1.907 "virginica"
21 7.916 3.798 6.42 2.007 "virginica"
21 6.4 2.796 5.601 2.199 "virginica"
21 6.309 2.799 5.1 1.482 "virginica"
21 6.099 2.597 5.591 1.385 "virginica"
21 7.692 2.999 6.096 2.302 "virginica"
21 6.28 3.4 5.599 2.394 "virginica"
21 6.405 3.092 5.494 1.805 "virginica"
21 6.008 3.006 4.791 1.8 "virginica"
21 6.895 3.106 5.405 2.104 "virginica"
21 6.7 3.107 5.629 2.383 "virginica"
21 6.904 3.093 5.12 2.311 "virginica"
21 5.804 2.701 5.115 1.913 "virginica"
21 6.791 3.195 5.886 2.316 "virginica"
21 6.69 3.307 5.684 2.504 "virginica"
21 6.707 3.014 5.198 2.279 "virginica"
21 6.3 2.498 5.009 1.901 "virginica"
21 6.511 3.003 5.208 1.997 "virginica"
21 6.204 3.413 5.393 2.3 "virginica"
21 5.91 3.016 5.092 1.79 "virginica"
