71 5.111 3.528 1.393 0.213 "setosa"
71 4.892 3.016 1.407 0.208 "setosa"
71 4.707 3.189 1.293 0.193 "setosa"
71 4.594 3.101 1.496 0.212 "setosa"
71 4.994 3.619 1.412 0.204 "setosa"
71 5.393 3.895 1.703 0.4 "setosa"
71 4.603 3.387 1.414 0.3 "setosa"
71 5.016 3.398 1.486 0.198 "setosa"
71 4.373 2.886 1.416 0.219 "setosa"
71 4.895 3.115 1.493 0.112 "setosa"
71 5.387 3.698 1.488 0.196 "setosa"
71 4.799 3.404 1.611 0.203 "setosa"
71 4.806 2.994 1.396 0.095 "setosa"
71 4.319 3.013 1.103 0.095 "setosa"
71 5.79 3.983 1.203 0.191 "setosa"
71 5.699 4.408 1.502 0.407 "setosa"
71 5.396 3.9 1.292 0.393 "setosa"
71 5.089 3.494 1.402 0.293 "setosa"
71 5.701 3.785 1.695 0.284 "setosa"
71 5.115 3.784 1.495 0.295 "setosa"
71 5.381 3.403 1.691 0.204 "setosa"
71 5.096 3.7 1.505 0.388 "setosa"
71 4.6 3.606 1 0.198 "setosa"
71 5.102 3.306 1.697 0.487 "setosa"
71 4.784 3.407 1.887 0.194 "setosa"
71 4.966 2.98 1.586 0.208 "setosa"
71 4.993 3.396 1.604 0.387 "setosa"
71 5.208 3.491 1.519 0.206 "setosa"
71 5.205 3.398 1.397 0.195 "setosa"
71 4.709 3.184 1.594 0.201 "setosa"
71 4.796 3.116 1.583 0.197 "setosa"
71 5.398 3.389 1.497 0.399 "setosa"
71 5.208 4.105 1.493 0.075 "setosa"
71 5.496 4.194 1.391 0.201 "setosa"
71 4.907 3.099 1.507 0.192 "setosa"
71 5.006 3.197 1.209 0.198 "setosa"
71 5.499 3.505 1.286 0.194 "setosa"
71 4.903 3.607 1.391 0.103 "setosa"
71 4.393 2.982 1.299 0.194 "setosa"
71 5.11 3.402 1.505 0.201 "setosa"
71 5 3.513 1.298 0.311 "setosa"
71 4.5 2.303 1.295 0.305 "setosa"
71 4.39 3.2 1.312 0.186 "setosa"
71 5.002 3.496 1.622 0.597 "setosa"
71 5.101 3.797 1.911 0.399 "setosa"
71 4.811 3.003 1.41 0.294 "setosa"
71 5.107 3.799 1.607 0.201 "setosa"
71 4.607 3.187 1.406 0.201 "setosa"
71 5.306 3.698 1.492 0.203 "setosa"
71 4.999 3.28 1.409 0.188 "setosa"
71 6.998 3.213 4.69 1.405 "versicolor"
71 6.401 3.203 4.477 1.496 "versicolor"
71 6.897 3.118 4.899 1.497 "versicolor"
71 5.512 2.293 3.996 1.299 "versicolor"
71 6.506 2.811 4.6 1.509 "versicolor"
71 5.697 2.796 4.501 1.295 "versicolor"
71 6.273 3.304 4.682 1.596 "versicolor"
71 4.913 2.389 3.322 1 "versicolor"
71 6.614 2.892 4.609 1.289 "versicolor"
71 5.219 2.706 3.897 1.412 "versicolor"
71 4.993 1.991 3.502 0.992 "versicolor"
71 5.903 3.026 4.205 1.507 "versicolor"
71 6.001 2.205 3.999 1.009 "versicolor"
71 6.108 2.911 4.686 1.409 "versicolor"
71 5.589 2.895 3.604 1.306 "versicolor"
71 6.703 3.084 4.412 1.39 "versicolor"
71 5.597 2.99 4.509 1.494 "versicolor"
71 5.791 2.696 4.104 1.013 "versicolor"
71 6.2 2.198 4.506 1.5 "versicolor"
71 5.618 2.504 3.894 1.109 "versicolor"
71 5.907 3.216 4.802 1.811 "versicolor"
71 6.108 2.806 4.003 1.325 "versicolor"
71 6.297 2.508 4.905 1.515 "versicolor"
71 6.111 2.794 4.704 1.222 "versicolor"
71 6.395 2.908 4.29 1.301 "versicolor"
71 6.597 2.98 4.405 1.407 "versicolor"
71 6.801 2.816 4.794 1.414 "versicolor"
71 6.706 2.995 5.001 1.706 "versicolor"
71 5.995 2.899 4.501 1.492 "versicolor"
71 5.691 2.581 3.503 1 "versicolor"
71 5.493 2.389 3.811 1.091 "versicolor"
71 5.513 2.382 3.709 0.997 "versicolor"
71 5.806 2.696 3.886 1.196 "versicolor"
71 6.008 2.682 5.094 1.597 "versicolor"
71 5.399 2.995 4.498 1.506 "versicolor"
71 5.991 3.4 4.493 1.589 "versicolor"
71 6.702 3.11 4.685 1.516 "versicolor"
71 6.308 2.309 4.409 1.296 "versicolor"
71 5.62 2.996 4.097 1.302 "versicolor"
71 5.51 2.496 4.012 1.288 "versicolor"
71 5.485 2.591 4.394 1.202 "versicolor"
71 6.107 3 4.59 1.4 "versicolor"
71 5.797 2.599 3.994 1.205 "versicolor"
71 4.994 2.308 3.298 0.994 "versicolor"
71 5.597 2.711 4.223 1.296 "versicolor"
71 5.705 2.997 4.2 1.207 "versicolor"
71 5.71 2.903 4.199 1.29 "versicolor"
71 6.19 2.911 4.296 1.307 "versicolor"
71 5.123 2.504 2.985 1.108 "versicolor"
71 5.711 2.792 4.101 1.304 "versicolor"
71 6.293 3.292 5.997 2.481 "virginica"
71 5.787 2.704 5.095 1.901 "virginica"
71 7.111 3.014 5.898 2.11 "virginica"
71 6.31 2.914 5.614 1.807 "virginica"
71 6.493 2.998 5.794 2.193 "virginica"
71 7.598 2.993 6.591 2.106 "virginica"
71 4.894 2.489 4.506 1.701 "virginica"
71 7.293 2.902 6.301 1.807 "virginica"
71 6.706 2.496 5.818 1.788 "virginica"
71 7.198 3.592 6.098 2.498 "virginica"
71 6.504 3.192 5.096 1.991 "virginica"
71 6.397 2.675 5.291 1.893 "virginica"
71 6.8 2.994 5.503 2.105 "virginica"
71 5.702 2.5 4.987 1.993 "virginica"
71 5.796 2.785 5.094 2.403 "virginica"
71 6.413 3.207 5.292 2.301 "virginica"
71 6.507 2.999 5.508 1.804 "virginica"
71 7.709 3.819 6.699 2.194 "virginica"
71 7.706 2.6 6.9 2.305 "virginica"
71 5.99 2.186 5.001 1.501 "virginica"
71 6.913 3.199 5.698 2.297 "virginica"
71 5.61 2.773 4.896 1.995 "virginica"
71 7.686 2.811 6.706 2.004 "virginica"
71 6.29 2.709 4.9 1.812 "virginica"
71 6.695 3.286 5.691 2.108 "virginica"
71 7.199 3.188 6.005 1.807 "virginica"
71 6.204 2.803 4.816 1.805 "virginica"
71 6.104 3.015 4.904 1.81 "virginica"
71 6.401 2.801 5.624 2.088 "virginica"
71 7.202 2.994 5.809 1.608 "virginica"
71 7.39 2.787 6.108 1.904 "virginica"
71 7.901 3.814 6.394 2.001 "virginica"
71 6.41 2.806 5.583 2.214 "virginica"
71 6.307 2.803 5.098 1.501 "virginica"
71 6.092 2.598 5.585 1.396 "virginica"
71 7.707 2.988 6.096 2.315 "virginica"
71 6.301 3.401 5.599 2.405 "virginica"
71 6.413 3.096 5.493 1.799 "virginica"
71 6.014 2.99 4.79 1.798 "virginica"
71 6.893 3.098 5.396 2.099 "virginica"
71 6.702 3.11 5.613 2.408 "virginica"
71 6.902 3.102 5.086 2.303 "virginica"
71 5.787 2.709 5.091 1.903 "virginica"
71 6.798 3.215 5.924 2.307 "virginica"
71 6.685 3.295 5.699 2.496 "virginica"
71 6.712 2.991 5.189 2.304 "virginica"
71 6.298 2.495 5.01 1.91 "virginica"
71 6.499 2.988 5.197 1.989 "virginica"
71 6.195 3.399 5.414 2.281 "virginica"
71 5.913 3.004 5.093 1.799 "virginica"
