13 5.114 3.513 1.408 0.192 "setosa"
13 4.907 2.995 1.404 0.214 "setosa"
13 4.701 3.207 1.296 0.204 "setosa"
13 4.598 3.089 1.52 0.2 "setosa"
13 4.997 3.582 1.41 0.208 "setosa"
13 5.394 3.898 1.718 0.401 "setosa"
13 4.604 3.406 1.404 0.309 "setosa"
13 5.009 3.402 1.492 0.214 "setosa"
13 4.397 2.898 1.4 0.183 "setosa"
13 4.885 3.114 1.505 0.097 "setosa"
13 5.408 3.7 1.482 0.207 "setosa"
13 4.807 3.4 1.604 0.2 "setosa"
13 4.796 2.985 1.377 0.104 "setosa"
13 4.285 3.004 1.093 0.104 "setosa"
13 5.795 3.989 1.199 0.194 "setosa"
13 5.708 4.405 1.512 0.405 "setosa"
13 5.405 3.89 1.318 0.401 "setosa"
13 5.096 3.481 1.4 0.285 "setosa"
13 5.701 3.792 1.698 0.297 "setosa"
13 5.097 3.807 1.495 0.29 "setosa"
13 5.396 3.401 1.705 0.181 "setosa"
13 5.095 3.702 1.498 0.391 "setosa"
13 4.615 3.583 0.99 0.196 "setosa"
13 5.115 3.306 1.71 0.503 "setosa"
13 4.788 3.41 1.901 0.213 "setosa"
13 5.006 2.999 1.592 0.197 "setosa"
13 4.999 3.404 1.591 0.382 "setosa"
13 5.194 3.512 1.503 0.198 "setosa"
13 5.2 3.379 1.401 0.206 "setosa"
13 4.698 3.202 1.606 0.193 "setosa"
13 4.786 3.097 1.594 0.193 "setosa"
13 5.392 3.414 1.506 0.4 "setosa"
13 5.211 4.101 1.494 0.102 "setosa"
13 5.488 4.194 1.402 0.187 "setosa"
13 4.902 3.092 1.5 0.2 "setosa"
13 4.985 3.209 1.192 0.197 "setosa"
13 5.494 3.494 1.3 0.209 "setosa"
13 4.892 3.609 1.412 0.097 "setosa"
13 4.415 2.993 1.305 0.197 "setosa"
13 5.088 3.393 1.502 0.19 "setosa"
13 5.008 3.495 1.309 0.293 "setosa"
13 4.512 2.305 1.306 0.306 "setosa"
13 4.407 3.218 1.307 0.191 "setosa"
13 5.002 3.502 1.614 0.613 "setosa"
13 5.09 3.79 1.886 0.379 "setosa"
13 4.813 3.023 1.406 0.315 "setosa"
13 5.1 3.797 1.576 0.2 "setosa"
13 4.599 3.212 1.384 0.195 "setosa"
13 5.32 3.701 1.515 0.189 "setosa"
13 4.988 3.325 1.399 0.182 "setosa"
13 7.007 3.205 4.7 1.394 "versicolor"
13 6.409 3.206 4.504 1.489 "versicolor"
13 6.892 3.096 4.893 1.491 "versicolor"
13 5.507 2.297 4.016 1.291 "versicolor"
13 6.495 2.802 4.597 1.521 "versicolor"
13 5.702 2.802 4.496 1.293 "versicolor"
13 6.304 3.286 4.692 1.6 "versicolor"
13 4.912 2.409 3.318 1.003 "versicolor"
13 6.597 2.898 4.602 1.3 "versicolor"
13 5.208 2.697 3.908 1.404 "versicolor"
13 4.991 1.985 3.525 0.999 "versicolor"
13 5.902 3.011 4.218 1.503 "versicolor"
13 5.994 2.193 4.007 0.985 "versicolor"
13 6.101 2.905 4.694 1.401 "versicolor"
13 5.595 2.901 3.625 1.307 "versicolor"
13 6.699 3.097 4.404 1.402 "versicolor"
13 5.592 3.003 4.502 1.486 "versicolor"
13 5.806 2.694 4.105 0.972 "versicolor"
13 6.22 2.19 4.486 1.507 "versicolor"
13 5.604 2.492 3.907 1.113 "versicolor"
13 5.903 3.197 4.797 1.826 "versicolor"
13 6.099 2.799 3.996 1.29 "versicolor"
13 6.297 2.5 4.921 1.505 "versicolor"
13 6.112 2.788 4.709 1.194 "versicolor"
13 6.404 2.878 4.305 1.298 "versicolor"
13 6.602 2.985 4.4 1.393 "versicolor"
13 6.811 2.783 4.798 1.404 "versicolor"
13 6.694 3.015 4.999 1.707 "versicolor"
13 6.016 2.88 4.52 1.502 "versicolor"
13 5.687 2.611 3.498 1.018 "versicolor"
13 5.526 2.384 3.798 1.109 "versicolor"
13 5.506 2.398 3.697 1 "versicolor"
13 5.803 2.715 3.905 1.193 "versicolor"
13 6.006 2.714 5.112 1.596 "versicolor"
13 5.41 2.999 4.506 1.503 "versicolor"
13 5.998 3.395 4.5 1.589 "versicolor"
13 6.705 3.099 4.689 1.502 "versicolor"
13 6.281 2.302 4.406 1.286 "versicolor"
13 5.596 2.995 4.105 1.299 "versicolor"
13 5.492 2.5 4.01 1.298 "versicolor"
13 5.494 2.595 4.406 1.199 "versicolor"
13 6.092 3.004 4.607 1.414 "versicolor"
13 5.792 2.594 3.987 1.214 "versicolor"
13 5.008 2.316 3.302 1.008 "versicolor"
13 5.605 2.69 4.198 1.304 "versicolor"
13 5.693 3.011 4.2 1.201 "versicolor"
13 5.716 2.907 4.18 1.292 "versicolor"
13 6.201 2.887 4.29 1.296 "versicolor"
13 5.106 2.519 3.001 1.118 "versicolor"
13 5.695 2.806 4.104 1.296 "versicolor"
13 6.306 3.293 6.004 2.5 "virginica"
13 5.804 2.685 5.108 1.893 "virginica"
13 7.102 3.004 5.904 2.089 "virginica"
13 6.31 2.902 5.595 1.792 "virginica"
13 6.518 3.001 5.785 2.203 "virginica"
13 7.594 2.996 6.59 2.104 "virginica"
13 4.905 2.495 4.498 1.714 "virginica"
13 7.309 2.894 6.291 1.804 "virginica"
13 6.685 2.499 5.809 1.812 "virginica"
13 7.211 3.607 6.113 2.507 "virginica"
13 6.496 3.209 5.105 2.019 "virginica"
13 6.413 2.715 5.301 1.905 "virginica"
13 6.803 2.99 5.493 2.111 "virginica"
13 5.694 2.509 4.982 1.985 "virginica"
13 5.784 2.795 5.087 2.394 "virginica"
13 6.421 3.207 5.307 2.3 "virginica"
13 6.505 2.999 5.514 1.809 "virginica"
13 7.705 3.785 6.709 2.196 "virginica"
13 7.698 2.62 6.886 2.295 "virginica"
13 5.995 2.211 4.998 1.502 "virginica"
13 6.91 3.18 5.689 2.307 "virginica"
13 5.592 2.806 4.905 2.013 "virginica"
13 7.691 2.786 6.7 2.014 "virginica"
13 6.298 2.717 4.871 1.792 "virginica"
13 6.699 3.324 5.694 2.08 "virginica"
13 7.21 3.211 5.986 1.797 "virginica"
13 6.21 2.808 4.82 1.781 "virginica"
13 6.098 2.994 4.897 1.787 "virginica"
13 6.415 2.786 5.612 2.111 "virginica"
13 7.198 2.985 5.819 1.601 "virginica"
13 7.407 2.822 6.103 1.882 "virginica"
13 7.898 3.79 6.418 2.003 "virginica"
13 6.403 2.815 5.606 2.193 "virginica"
13 6.306 2.781 5.085 1.508 "virginica"
13 6.082 2.601 5.6 1.39 "virginica"
13 7.709 3.009 6.111 2.287 "virginica"
13 6.301 3.405 5.62 2.409 "virginica"
13 6.407 3.094 5.486 1.802 "virginica"
13 5.991 3.019 4.803 1.802 "virginica"
13 6.897 3.101 5.413 2.122 "virginica"
13 6.701 3.122 5.612 2.403 "virginica"
13 6.894 3.106 5.105 2.301 "virginica"
13 5.793 2.696 5.102 1.907 "virginica"
13 6.794 3.191 5.894 2.302 "virginica"
13 6.685 3.301 5.693 2.504 "virginica"
13 6.691 3.004 5.191 2.294 "virginica"
13 6.314 2.503 4.998 1.872 "virginica"
13 6.512 2.996 5.19 2.004 "virginica"
13 6.205 3.394 5.389 2.285 "virginica"
13 5.897 3.018 5.111 1.806 "virginica"
