16 5.099 3.499 1.396 0.196 "setosa"
16 4.909 2.991 1.38 0.192 "setosa"
16 4.688 3.19 1.296 0.199 "setosa"
16 4.613 3.09 1.493 0.201 "setosa"
16 5.011 3.597 1.405 0.199 "setosa"
16 5.405 3.889 1.694 0.416 "setosa"
16 4.608 3.401 1.401 0.283 "setosa"
16 5.015 3.402 1.497 0.211 "setosa"
16 4.405 2.909 1.404 0.205 "setosa"
16 4.898 3.1 1.498 0.111 "setosa"
16 5.409 3.689 1.506 0.21 "setosa"
16 4.789 3.394 1.583 0.202 "setosa"
16 4.81 3.012 1.41 0.097 "setosa"
16 4.308 2.99 1.113 0.106 "setosa"
16 5.798 4.005 1.199 0.185 "setosa"
16 5.682 4.415 1.495 0.399 "setosa"
16 5.415 3.89 1.291 0.399 "setosa"
16 5.118 3.498 1.413 0.307 "setosa"
16 5.693 3.797 1.688 0.307 "setosa"
16 5.11 3.788 1.517 0.292 "setosa"
16 5.393 3.389 1.688 0.2 "setosa"
16 5.11 3.698 1.514 0.402 "setosa"
16 4.601 3.606 1.004 0.215 "setosa"
16 5.103 3.297 1.684 0.494 "setosa"
16 4.805 3.401 1.898 0.186 "setosa"
16 5.004 2.992 1.598 0.215 "setosa"
16 5.003 3.396 1.612 0.392 "setosa"
16 5.213 3.506 1.505 0.201 "setosa"
16 5.206 3.396 1.417 0.19 "setosa"
16 4.702 3.202 1.603 0.198 "setosa"
16 4.798 3.106 1.598 0.2 "setosa"
16 5.398 3.403 1.484 0.402 "setosa"
16 5.204 4.098 1.503 0.1 "setosa"
16 5.506 4.182 1.396 0.213 "setosa"
16 4.92 3.102 1.472 0.2 "setosa"
16 5.006 3.191 1.188 0.188 "setosa"
16 5.503 3.499 1.307 0.21 "setosa"
16 4.911 3.601 1.395 0.08 "setosa"
16 4.426 3.005 1.3 0.209 "setosa"
16 5.086 3.397 1.498 0.197 "setosa"
16 5.003 3.511 1.313 0.287 "setosa"
16 4.487 2.29 1.297 0.311 "setosa"
16 4.385 3.21 1.302 0.208 "setosa"
16 4.984 3.498 1.591 0.604 "setosa"
16 5.083 3.8 1.881 0.397 "setosa"
16 4.806 2.984 1.409 0.302 "setosa"
16 5.105 3.803 1.572 0.198 "setosa"
16 4.588 3.21 1.403 0.197 "setosa"
16 5.31 3.697 1.504 0.187 "setosa"
16 5.005 3.299 1.429 0.191 "setosa"
16 7.015 3.214 4.709 1.399 "versicolor"
16 6.381 3.202 4.503 1.504 "versicolor"
16 6.892 3.098 4.898 1.508 "versicolor"
16 5.478 2.302 4.003 1.278 "versicolor"
16 6.528 2.803 4.632 1.489 "versicolor"
16 5.71 2.803 4.505 1.304 "versicolor"
16 6.301 3.298 4.695 1.588 "versicolor"
16 4.885 2.385 3.318 1.01 "versicolor"
16 6.605 2.918 4.603 1.297 "versicolor"
16 5.2 2.688 3.905 1.392 "versicolor"
16 5.002 2.003 3.502 0.984 "versicolor"
16 5.908 2.996 4.2 1.498 "versicolor"
16 5.993 2.199 3.992 1.004 "versicolor"
16 6.106 2.899 4.707 1.409 "versicolor"
16 5.605 2.88 3.578 1.283 "versicolor"
16 6.702 3.101 4.406 1.385 "versicolor"
16 5.592 3.02 4.524 1.5 "versicolor"
16 5.794 2.693 4.088 0.998 "versicolor"
16 6.198 2.208 4.483 1.488 "versicolor"
16 5.604 2.49 3.885 1.112 "versicolor"
16 5.897 3.192 4.804 1.81 "versicolor"
16 6.104 2.787 3.994 1.309 "versicolor"
16 6.302 2.503 4.91 1.503 "versicolor"
16 6.104 2.811 4.705 1.209 "versicolor"
16 6.408 2.912 4.297 1.298 "versicolor"
16 6.601 2.999 4.404 1.401 "versicolor"
16 6.806 2.802 4.804 1.402 "versicolor"
16 6.702 2.985 5.01 1.717 "versicolor"
16 5.992 2.892 4.489 1.518 "versicolor"
16 5.688 2.596 3.505 0.997 "versicolor"
16 5.498 2.405 3.785 1.094 "versicolor"
16 5.502 2.402 3.702 0.985 "versicolor"
16 5.8 2.712 3.905 1.203 "versicolor"
16 5.995 2.688 5.093 1.608 "versicolor"
16 5.405 3.006 4.522 1.483 "versicolor"
16 5.997 3.41 4.495 1.605 "versicolor"
16 6.705 3.098 4.713 1.49 "versicolor"
16 6.298 2.316 4.406 1.281 "versicolor"
16 5.606 2.998 4.108 1.29 "versicolor"
16 5.516 2.513 4.003 1.297 "versicolor"
16 5.485 2.604 4.382 1.207 "versicolor"
16 6.099 3.006 4.614 1.395 "versicolor"
16 5.797 2.604 4.007 1.208 "versicolor"
16 4.979 2.294 3.304 1.013 "versicolor"
16 5.605 2.707 4.189 1.279 "versicolor"
16 5.683 3.003 4.194 1.206 "versicolor"
16 5.713 2.895 4.218 1.29 "versicolor"
16 6.215 2.91 4.314 1.304 "versicolor"
16 5.106 2.516 2.996 1.103 "versicolor"
16 5.705 2.819 4.116 1.282 "versicolor"
16 6.299 3.301 6.002 2.505 "virginica"
16 5.815 2.709 5.094 1.9 "virginica"
16 7.092 2.997 5.891 2.102 "virginica"
16 6.302 2.899 5.602 1.812 "virginica"
16 6.5 2.995 5.81 2.188 "virginica"
16 7.584 2.997 6.599 2.118 "virginica"
16 4.896 2.499 4.517 1.692 "virginica"
16 7.306 2.899 6.309 1.795 "virginica"
16 6.696 2.487 5.809 1.794 "virginica"
16 7.203 3.6 6.114 2.505 "virginica"
16 6.499 3.199 5.104 1.998 "virginica"
16 6.393 2.7 5.306 1.902 "virginica"
16 6.793 3.007 5.497 2.12 "virginica"
16 5.712 2.493 5.007 2.011 "virginica"
16 5.814 2.8 5.124 2.399 "virginica"
16 6.408 3.19 5.29 2.298 "virginica"
16 6.502 2.985 5.502 1.787 "virginica"
16 7.687 3.794 6.683 2.201 "virginica"
16 7.709 2.611 6.887 2.304 "virginica"
16 5.997 2.22 4.985 1.503 "virginica"
16 6.888 3.214 5.693 2.309 "virginica"
16 5.611 2.8 4.89 2.009 "virginica"
16 7.688 2.786 6.694 1.995 "virginica"
16 6.296 2.703 4.886 1.806 "virginica"
16 6.701 3.31 5.7 2.09 "virginica"
16 7.191 3.194 6.005 1.803 "virginica"
16 6.205 2.8 4.813 1.797 "virginica"
16 6.101 2.982 4.895 1.79 "virginica"
16 6.403 2.811 5.583 2.105 "virginica"
16 7.205 2.986 5.8 1.622 "virginica"
16 7.4 2.8 6.106 1.899 "virginica"
16 7.889 3.801 6.403 1.999 "virginica"
16 6.407 2.785 5.601 2.206 "virginica"
16 6.304 2.808 5.098 1.502 "virginica"
16 6.095 2.605 5.614 1.406 "virginica"
16 7.697 2.997 6.096 2.29 "virginica"
16 6.323 3.393 5.621 2.39 "virginica"
16 6.411 3.095 5.494 1.798 "virginica"
16 5.993 2.983 4.778 1.79 "virginica"
16 6.917 3.095 5.405 2.106 "virginica"
16 6.711 3.096 5.607 2.403 "virginica"
16 6.916 3.095 5.108 2.284 "virginica"
16 5.793 2.699 5.096 1.903 "virginica"
16 6.804 3.203 5.9 2.295 "virginica"
16 6.7 3.306 5.69 2.501 "virginica"
16 6.699 2.992 5.207 2.297 "virginica"
16 6.286 2.495 5.01 1.902 "virginica"
16 6.499 3.007 5.217 1.991 "virginica"
16 6.2 3.415 5.399 2.306 "virginica"
16 5.909 3.003 5.104 1.794 "virginica"
