2 5.089 3.51 1.377 0.2 "setosa"
2 4.907 3.006 1.362 0.211 "setosa"
2 4.694 3.194 1.292 0.213 "setosa"
2 4.601 3.098 1.5 0.198 "setosa"
2 4.991 3.58 1.411 0.2 "setosa"
2 5.403 3.913 1.706 0.412 "setosa"
2 4.586 3.403 1.399 0.288 "setosa"
2 4.991 3.377 1.492 0.193 "setosa"
2 4.387 2.905 1.396 0.208 "setosa"
2 4.9 3.105 1.497 0.103 "setosa"
2 5.407 3.673 1.49 0.201 "setosa"
2 4.808 3.409 1.592 0.186 "setosa"
2 4.788 2.996 1.398 0.104 "setosa"
2 4.289 2.994 1.093 0.093 "setosa"
2 5.812 3.984 1.197 0.204 "setosa"
2 5.683 4.4 1.498 0.404 "setosa"
2 5.399 3.913 1.294 0.408 "setosa"
2 5.116 3.511 1.389 0.289 "setosa"
2 5.713 3.791 1.696 0.321 "setosa"
2 5.083 3.798 1.517 0.3 "setosa"
2 5.403 3.397 1.698 0.211 "setosa"
2 5.086 3.682 1.502 0.385 "setosa"
2 4.598 3.608 0.992 0.205 "setosa"
2 5.101 3.297 1.721 0.487 "setosa"
2 4.809 3.378 1.893 0.196 "setosa"
2 4.996 3.006 1.615 0.196 "setosa"
2 5.006 3.389 1.592 0.383 "setosa"
2 5.215 3.511 1.51 0.201 "setosa"
2 5.205 3.384 1.4 0.194 "setosa"
2 4.695 3.213 1.587 0.21 "setosa"
2 4.805 3.106 1.603 0.216 "setosa"
2 5.404 3.388 1.486 0.4 "setosa"
2 5.186 4.108 1.494 0.105 "setosa"
2 5.497 4.209 1.385 0.192 "setosa"
2 4.918 3.092 1.494 0.2 "setosa"
2 5.002 3.21 1.205 0.207 "setosa"
2 5.497 3.498 1.276 0.199 "setosa"
2 4.894 3.6 1.396 0.112 "setosa"
2 4.391 2.996 1.311 0.205 "setosa"
2 5.107 3.409 1.511 0.182 "setosa"
2 4.993 3.496 1.305 0.306 "setosa"
2 4.51 2.307 1.317 0.3 "setosa"
2 4.381 3.198 1.307 0.197 "setosa"
2 5.005 3.489 1.597 0.589 "setosa"
2 5.115 3.795 1.899 0.406 "setosa"
2 4.799 3.002 1.395 0.304 "setosa"
2 5.09 3.817 1.609 0.208 "setosa"
2 4.615 3.209 1.391 0.207 "setosa"
2 5.319 3.704 1.488 0.196 "setosa"
2 4.995 3.286 1.398 0.204 "setosa"
2 6.999 3.2 4.697 1.415 "versicolor"
2 6.396 3.195 4.498 1.48 "versicolor"
2 6.907 3.095 4.902 1.5 "versicolor"
2 5.503 2.299 3.99 1.295 "versicolor"
2 6.496 2.801 4.618 1.5 "versicolor"
2 5.705 2.776 4.51 1.289 "versicolor"
2 6.285 3.305 4.713 1.605 "versicolor"
2 4.908 2.376 3.265 1.008 "versicolor"
2 6.581 2.901 4.598 1.297 "versicolor"
2 5.212 2.689 3.901 1.383 "versicolor"
2 5.006 2.004 3.504 1.004 "versicolor"
2 5.925 2.979 4.195 1.501 "versicolor"
2 6.001 2.207 4.005 1.002 "versicolor"
2 6.1 2.899 4.695 1.395 "versicolor"
2 5.607 2.914 3.599 1.303 "versicolor"
2 6.715 3.098 4.381 1.415 "versicolor"
2 5.615 3.007 4.507 1.504 "versicolor"
2 5.79 2.737 4.094 0.997 "versicolor"
2 6.206 2.21 4.493 1.508 "versicolor"
2 5.585 2.498 3.91 1.096 "versicolor"
2 5.888 3.203 4.784 1.784 "versicolor"
2 6.102 2.809 3.999 1.297 "versicolor"
2 6.305 2.499 4.909 1.514 "versicolor"
2 6.108 2.798 4.715 1.198 "versicolor"
2 6.418 2.902 4.305 1.293 "versicolor"
2 6.591 2.999 4.402 1.416 "versicolor"
2 6.796 2.789 4.789 1.387 "versicolor"
2 6.704 2.997 4.985 1.709 "versicolor"
2 5.995 2.891 4.493 1.499 "versicolor"
2 5.704 2.6 3.498 0.984 "versicolor"
2 5.497 2.408 3.789 1.096 "versicolor"
2 5.53 2.396 3.693 1.023 "versicolor"
2 5.799 2.694 3.904 1.206 "versicolor"
2 5.998 2.681 5.1 1.619 "versicolor"
2 5.393 2.999 4.496 1.484 "versicolor"
2 6.016 3.404 4.504 1.606 "versicolor"
2 6.704 3.089 4.701 1.504 "versicolor"
2 6.296 2.295 4.395 1.3 "versicolor"
2 5.561 3.016 4.091 1.284 "versicolor"
2 5.498 2.503 3.982 1.292 "versicolor"
2 5.502 2.605 4.402 1.219 "versicolor"
2 6.116 2.985 4.605 1.391 "versicolor"
2 5.796 2.592 4.013 1.193 "versicolor"
2 5 2.29 3.301 0.983 "versicolor"
2 5.59 2.69 4.191 1.314 "versicolor"
2 5.702 3.002 4.198 1.189 "versicolor"
2 5.704 2.92 4.207 1.293 "versicolor"
2 6.204 2.898 4.302 1.303 "versicolor"
2 5.083 2.485 3.015 1.101 "versicolor"
2 5.701 2.796 4.091 1.296 "versicolor"
2 6.287 3.307 6.014 2.509 "virginica"
2 5.81 2.691 5.109 1.908 "virginica"
2 7.108 2.989 5.879 2.106 "virginica"
2 6.291 2.872 5.598 1.802 "virginica"
2 6.503 3.002 5.814 2.207 "virginica"
2 7.584 3.004 6.59 2.106 "virginica"
2 4.896 2.488 4.491 1.71 "virginica"
2 7.322 2.88 6.31 1.815 "virginica"
2 6.717 2.498 5.804 1.798 "virginica"
2 7.205 3.591 6.096 2.493 "virginica"
2 6.509 3.193 5.093 1.994 "virginica"
2 6.396 2.701 5.293 1.902 "virginica"
2 6.797 3.009 5.498 2.089 "virginica"
2 5.711 2.506 4.999 2.004 "virginica"
2 5.798 2.815 5.089 2.396 "virginica"
2 6.392 3.208 5.29 2.29 "virginica"
2 6.505 3.006 5.495 1.793 "virginica"
2 7.692 3.798 6.713 2.185 "virginica"
2 7.713 2.606 6.908 2.308 "virginica"
2 5.986 2.195 4.99 1.49 "virginica"
2 6.892 3.218 5.71 2.312 "virginica"
2 5.604 2.804 4.909 2.017 "virginica"
2 7.699 2.805 6.716 2.004 "virginica"
2 6.304 2.703 4.915 1.808 "virginica"
2 6.704 3.309 5.711 2.101 "virginica"
2 7.2 3.219 6.015 1.789 "virginica"
2 6.184 2.797 4.794 1.806 "virginica"
2 6.093 2.996 4.904 1.806 "virginica"
2 6.399 2.807 5.576 2.108 "virginica"
2 7.19 2.98 5.8 1.606 "virginica"
2 7.404 2.814 6.094 1.897 "virginica"
2 7.882 3.815 6.408 1.989 "virginica"
2 6.409 2.805 5.61 2.184 "virginica"
2 6.301 2.828 5.098 1.497 "virginica"
2 6.085 2.609 5.607 1.399 "virginica"
2 7.702 2.992 6.11 2.306 "virginica"
2 6.303 3.416 5.616 2.396 "virginica"
2 6.405 3.102 5.49 1.799 "virginica"
2 5.995 2.989 4.812 1.8 "virginica"
2 6.892 3.099 5.407 2.1 "virginica"
2 6.702 3.116 5.597 2.397 "virginica"
2 6.89 3.105 5.127 2.301 "virginica"
2 5.802 2.692 5.101 1.895 "virginica"
2 6.803 3.205 5.888 2.31 "virginica"
2 6.701 3.313 5.684 2.503 "virginica"
2 6.705 2.993 5.192 2.302 "virginica"
2 6.293 2.523 5.006 1.895 "virginica"
2 6.484 3.005 5.188 1.988 "virginica"
2 6.191 3.401 5.395 2.306 "virginica"
2 5.908 2.997 5.087 1.799 "virginica"
