22 5.096 3.497 1.394 0.199 "setosa"
22 4.882 3.009 1.4 0.182 "setosa"
22 4.697 3.187 1.317 0.217 "setosa"
22 4.589 3.1 1.498 0.213 "setosa"
22 5.003 3.617 1.399 0.196 "setosa"
22 5.403 3.917 1.711 0.4 "setosa"
22 4.608 3.421 1.411 0.29 "setosa"
22 4.993 3.401 1.516 0.193 "setosa"
22 4.378 2.911 1.401 0.203 "setosa"
22 4.904 3.103 1.492 0.106 "setosa"
22 5.399 3.693 1.507 0.208 "setosa"
22 4.81 3.391 1.609 0.195 "setosa"
22 4.801 3.017 1.38 0.093 "setosa"
22 4.297 3.019 1.086 0.09 "setosa"
22 5.802 3.999 1.19 0.199 "setosa"
22 5.712 4.398 1.518 0.401 "setosa"
22 5.396 3.91 1.305 0.403 "setosa"
22 5.088 3.486 1.397 0.289 "setosa"
22 5.702 3.81 1.693 0.301 "setosa"
22 5.068 3.781 1.504 0.293 "setosa"
22 5.399 3.405 1.708 0.195 "setosa"
22 5.102 3.685 1.5 0.399 "setosa"
22 4.591 3.603 0.987 0.198 "setosa"
22 5.092 3.328 1.702 0.486 "setosa"
22 4.8 3.396 1.9 0.215 "setosa"
22 5.007 2.994 1.61 0.193 "setosa"
22 4.995 3.404 1.6 0.401 "setosa"
22 5.205 3.496 1.512 0.204 "setosa"
22 5.19 3.406 1.406 0.197 "setosa"
22 4.689 3.201 1.578 0.216 "setosa"
22 4.813 3.107 1.589 0.199 "setosa"
22 5.412 3.417 1.519 0.384 "setosa"
22 5.192 4.107 1.48 0.11 "setosa"
22 5.495 4.205 1.404 0.195 "setosa"
22 4.889 3.079 1.505 0.191 "setosa"
22 4.987 3.2 1.201 0.207 "setosa"
22 5.502 3.499 1.298 0.203 "setosa"
22 4.904 3.591 1.393 0.104 "setosa"
22 4.397 3.008 1.298 0.218 "setosa"
22 5.077 3.389 1.512 0.19 "setosa"
22 5.013 3.506 1.299 0.306 "setosa"
22 4.508 2.291 1.29 0.297 "setosa"
22 4.406 3.197 1.299 0.201 "setosa"
22 4.997 3.49 1.601 0.59 "setosa"
22 5.102 3.813 1.911 0.42 "setosa"
22 4.805 2.989 1.397 0.285 "setosa"
22 5.106 3.798 1.601 0.194 "setosa"
22 4.608 3.202 1.401 0.192 "setosa"
22 5.292 3.702 1.501 0.199 "setosa"
22 4.992 3.299 1.392 0.191 "setosa"
22 6.994 3.189 4.69 1.395 "versicolor"
22 6.404 3.2 4.498 1.495 "versicolor"
22 6.893 3.097 4.911 1.511 "versicolor"
22 5.511 2.292 4.012 1.312 "versicolor"
22 6.498 2.789 4.588 1.497 "versicolor"
22 5.695 2.808 4.509 1.299 "versicolor"
22 6.295 3.301 4.707 1.6 "versicolor"
22 4.901 2.402 3.288 0.998 "versicolor"
22 6.604 2.905 4.591 1.315 "versicolor"
22 5.197 2.705 3.903 1.395 "versicolor"
22 5.005 2.008 3.503 0.994 "versicolor"
22 5.916 3.013 4.192 1.501 "versicolor"
22 6.014 2.181 4.004 0.986 "versicolor"
22 6.105 2.905 4.682 1.395 "versicolor"
22 5.603 2.889 3.604 1.286 "versicolor"
22 6.707 3.089 4.391 1.411 "versicolor"
22 5.594 2.989 4.488 1.509 "versicolor"
22 5.813 2.701 4.106 0.994 "versicolor"
22 6.22 2.216 4.496 1.51 "versicolor"
22 5.58 2.501 3.913 1.098 "versicolor"
22 5.909 3.171 4.794 1.789 "versicolor"
22 6.093 2.799 4.006 1.294 "versicolor"
22 6.298 2.488 4.91 1.499 "versicolor"
22 6.099 2.816 4.691 1.225 "versicolor"
22 6.404 2.916 4.308 1.292 "versicolor"
22 6.604 3.007 4.388 1.396 "versicolor"
22 6.8 2.777 4.803 1.395 "versicolor"
22 6.703 3.009 4.993 1.697 "versicolor"
22 6 2.899 4.512 1.481 "versicolor"
22 5.703 2.592 3.496 1.01 "versicolor"
22 5.504 2.39 3.804 1.114 "versicolor"
22 5.482 2.386 3.697 1.01 "versicolor"
22 5.809 2.709 3.91 1.193 "versicolor"
22 5.988 2.7 5.102 1.583 "versicolor"
22 5.412 3.005 4.503 1.497 "versicolor"
22 5.999 3.415 4.48 1.599 "versicolor"
22 6.687 3.089 4.7 1.502 "versicolor"
22 6.283 2.298 4.411 1.294 "versicolor"
22 5.611 3.012 4.104 1.308 "versicolor"
22 5.509 2.506 4.001 1.3 "versicolor"
22 5.486 2.572 4.416 1.199 "versicolor"
22 6.09 3.006 4.601 1.402 "versicolor"
22 5.804 2.604 3.996 1.199 "versicolor"
22 5.004 2.301 3.296 1.01 "versicolor"
22 5.584 2.706 4.192 1.283 "versicolor"
22 5.698 3.003 4.191 1.184 "versicolor"
22 5.677 2.886 4.192 1.295 "versicolor"
22 6.204 2.899 4.266 1.292 "versicolor"
22 5.092 2.527 3.005 1.093 "versicolor"
22 5.702 2.794 4.094 1.293 "versicolor"
22 6.305 3.305 6.009 2.503 "virginica"
22 5.801 2.704 5.107 1.915 "virginica"
22 7.127 3.003 5.887 2.112 "virginica"
22 6.298 2.901 5.6 1.787 "virginica"
22 6.501 3.01 5.794 2.188 "virginica"
22 7.602 2.983 6.595 2.086 "virginica"
22 4.923 2.506 4.517 1.715 "virginica"
22 7.297 2.909 6.286 1.792 "virginica"
22 6.709 2.501 5.79 1.796 "virginica"
22 7.205 3.585 6.104 2.5 "virginica"
22 6.492 3.192 5.096 2.001 "virginica"
22 6.404 2.69 5.308 1.898 "virginica"
22 6.795 2.995 5.515 2.096 "virginica"
22 5.714 2.487 4.989 1.992 "virginica"
22 5.797 2.793 5.1 2.404 "virginica"
22 6.417 3.195 5.301 2.295 "virginica"
22 6.494 2.995 5.495 1.786 "virginica"
22 7.691 3.796 6.701 2.194 "virginica"
22 7.724 2.58 6.887 2.302 "virginica"
22 6.003 2.187 5.011 1.475 "virginica"
22 6.916 3.204 5.7 2.293 "virginica"
22 5.598 2.796 4.909 2.003 "virginica"
22 7.682 2.81 6.701 2.015 "virginica"
22 6.282 2.698 4.891 1.807 "virginica"
22 6.701 3.303 5.695 2.12 "virginica"
22 7.186 3.188 5.99 1.783 "virginica"
22 6.196 2.801 4.804 1.767 "virginica"
22 6.102 2.995 4.92 1.783 "virginica"
22 6.405 2.803 5.583 2.09 "virginica"
22 7.208 3.004 5.809 1.602 "virginica"
22 7.394 2.797 6.101 1.92 "virginica"
22 7.895 3.798 6.385 1.988 "virginica"
22 6.388 2.803 5.608 2.201 "virginica"
22 6.288 2.805 5.096 1.514 "virginica"
22 6.095 2.598 5.592 1.401 "virginica"
22 7.685 3 6.091 2.297 "virginica"
22 6.301 3.406 5.599 2.411 "virginica"
22 6.389 3.1 5.511 1.792 "virginica"
22 6.015 2.992 4.828 1.8 "virginica"
22 6.91 3.099 5.397 2.102 "virginica"
22 6.701 3.103 5.606 2.392 "virginica"
22 6.907 3.092 5.09 2.284 "virginica"
22 5.805 2.713 5.096 1.899 "virginica"
22 6.799 3.2 5.903 2.298 "virginica"
22 6.693 3.283 5.706 2.484 "virginica"
22 6.704 3.002 5.195 2.294 "virginica"
22 6.303 2.511 5.004 1.897 "virginica"
22 6.493 2.976 5.205 2 "virginica"
22 6.195 3.41 5.396 2.285 "virginica"
22 5.896 3.008 5.092 1.792 "virginica"
