44 5.112 3.482 1.402 0.195 "setosa"
44 4.908 2.998 1.381 0.201 "setosa"
44 4.698 3.186 1.298 0.199 "setosa"
44 4.594 3.09 1.522 0.205 "setosa"
44 5.004 3.603 1.387 0.212 "setosa"
44 5.397 3.901 1.691 0.38 "setosa"
44 4.597 3.411 1.407 0.302 "setosa"
44 4.997 3.408 1.507 0.187 "setosa"
44 4.389 2.889 1.404 0.212 "setosa"
44 4.91 3.112 1.496 0.099 "setosa"
44 5.412 3.705 1.485 0.208 "setosa"
44 4.788 3.405 1.59 0.195 "setosa"
44 4.8 3.013 1.422 0.105 "setosa"
44 4.317 2.993 1.089 0.119 "setosa"
44 5.795 4.001 1.211 0.183 "setosa"
44 5.704 4.386 1.509 0.395 "setosa"
44 5.418 3.922 1.294 0.407 "setosa"
44 5.099 3.501 1.414 0.298 "setosa"
44 5.713 3.78 1.705 0.308 "setosa"
44 5.096 3.794 1.486 0.283 "setosa"
44 5.403 3.396 1.709 0.202 "setosa"
44 5.093 3.689 1.508 0.383 "setosa"
44 4.597 3.603 0.986 0.192 "setosa"
44 5.094 3.305 1.698 0.507 "setosa"
44 4.798 3.397 1.871 0.199 "setosa"
44 5.001 3.015 1.607 0.188 "setosa"
44 5.019 3.401 1.594 0.407 "setosa"
44 5.194 3.499 1.491 0.206 "setosa"
44 5.21 3.394 1.413 0.184 "setosa"
44 4.716 3.198 1.606 0.195 "setosa"
44 4.782 3.096 1.592 0.182 "setosa"
44 5.386 3.399 1.498 0.406 "setosa"
44 5.203 4.106 1.495 0.127 "setosa"
44 5.504 4.19 1.381 0.204 "setosa"
44 4.893 3.115 1.5 0.201 "setosa"
44 4.998 3.212 1.205 0.209 "setosa"
44 5.511 3.501 1.305 0.197 "setosa"
44 4.898 3.613 1.406 0.096 "setosa"
44 4.392 3.01 1.329 0.202 "setosa"
44 5.104 3.388 1.502 0.211 "setosa"
44 4.991 3.492 1.294 0.3 "setosa"
44 4.488 2.306 1.272 0.292 "setosa"
44 4.406 3.19 1.293 0.197 "setosa"
44 4.981 3.496 1.603 0.623 "setosa"
44 5.098 3.785 1.892 0.416 "setosa"
44 4.803 3 1.389 0.31 "setosa"
44 5.101 3.798 1.607 0.201 "setosa"
44 4.592 3.204 1.403 0.197 "setosa"
44 5.302 3.703 1.493 0.208 "setosa"
44 5.003 3.293 1.393 0.187 "setosa"
44 7.007 3.202 4.703 1.405 "versicolor"
44 6.406 3.195 4.499 1.505 "versicolor"
44 6.898 3.095 4.914 1.494 "versicolor"
44 5.518 2.311 3.993 1.285 "versicolor"
44 6.487 2.811 4.6 1.501 "versicolor"
44 5.683 2.805 4.503 1.297 "versicolor"
44 6.296 3.296 4.699 1.607 "versicolor"
44 4.905 2.391 3.286 0.997 "versicolor"
44 6.581 2.907 4.609 1.301 "versicolor"
44 5.204 2.695 3.9 1.412 "versicolor"
44 4.983 2.01 3.503 1.014 "versicolor"
44 5.903 3.01 4.215 1.524 "versicolor"
44 5.99 2.19 4.001 0.98 "versicolor"
44 6.102 2.914 4.692 1.397 "versicolor"
44 5.595 2.905 3.606 1.296 "versicolor"
44 6.698 3.115 4.399 1.396 "versicolor"
44 5.609 3.012 4.507 1.503 "versicolor"
44 5.792 2.709 4.096 1.01 "versicolor"
44 6.202 2.183 4.516 1.497 "versicolor"
44 5.612 2.496 3.899 1.12 "versicolor"
44 5.897 3.189 4.798 1.815 "versicolor"
44 6.101 2.789 4.007 1.288 "versicolor"
44 6.305 2.493 4.908 1.516 "versicolor"
44 6.097 2.805 4.725 1.193 "versicolor"
44 6.401 2.909 4.3 1.305 "versicolor"
44 6.606 2.997 4.405 1.398 "versicolor"
44 6.8 2.796 4.795 1.394 "versicolor"
44 6.694 3.023 4.997 1.705 "versicolor"
44 6.002 2.898 4.505 1.509 "versicolor"
44 5.704 2.598 3.508 1.001 "versicolor"
44 5.508 2.398 3.8 1.106 "versicolor"
44 5.489 2.394 3.683 1.008 "versicolor"
44 5.786 2.706 3.895 1.198 "versicolor"
44 6.003 2.694 5.104 1.591 "versicolor"
44 5.406 3 4.507 1.503 "versicolor"
44 5.984 3.394 4.499 1.609 "versicolor"
44 6.708 3.117 4.721 1.497 "versicolor"
44 6.32 2.293 4.392 1.295 "versicolor"
44 5.609 2.994 4.109 1.305 "versicolor"
44 5.508 2.487 3.998 1.315 "versicolor"
44 5.501 2.595 4.394 1.194 "versicolor"
44 6.089 2.998 4.584 1.392 "versicolor"
44 5.792 2.596 4.008 1.195 "versicolor"
44 4.983 2.301 3.287 1.005 "versicolor"
44 5.579 2.697 4.207 1.293 "versicolor"
44 5.707 3.002 4.187 1.186 "versicolor"
44 5.688 2.921 4.219 1.283 "versicolor"
44 6.197 2.928 4.301 1.304 "versicolor"
44 5.099 2.497 3.002 1.11 "versicolor"
44 5.7 2.797 4.105 1.302 "versicolor"
44 6.299 3.302 6.014 2.486 "virginica"
44 5.801 2.699 5.11 1.906 "virginica"
44 7.104 3.011 5.901 2.103 "virginica"
44 6.286 2.905 5.588 1.799 "virginica"
44 6.515 3.011 5.801 2.209 "virginica"
44 7.628 2.985 6.601 2.099 "virginica"
44 4.904 2.505 4.529 1.712 "virginica"
44 7.311 2.902 6.304 1.805 "virginica"
44 6.708 2.512 5.812 1.798 "virginica"
44 7.193 3.599 6.116 2.49 "virginica"
44 6.497 3.21 5.1 1.988 "virginica"
44 6.413 2.696 5.317 1.893 "virginica"
44 6.79 3.019 5.48 2.096 "virginica"
44 5.711 2.488 5.005 2.002 "virginica"
44 5.806 2.792 5.109 2.402 "virginica"
44 6.394 3.192 5.301 2.319 "virginica"
44 6.477 2.998 5.509 1.79 "virginica"
44 7.704 3.796 6.698 2.221 "virginica"
44 7.714 2.604 6.886 2.295 "virginica"
44 5.997 2.198 5.023 1.499 "virginica"
44 6.895 3.209 5.704 2.311 "virginica"
44 5.613 2.8 4.906 2.006 "virginica"
44 7.694 2.808 6.687 1.991 "virginica"
44 6.311 2.697 4.891 1.801 "virginica"
44 6.703 3.302 5.701 2.1 "virginica"
44 7.215 3.203 5.989 1.795 "virginica"
44 6.202 2.81 4.788 1.822 "virginica"
44 6.086 2.985 4.907 1.792 "virginica"
44 6.408 2.818 5.59 2.101 "virginica"
44 7.203 2.992 5.8 1.592 "virginica"
44 7.409 2.788 6.107 1.902 "virginica"
44 7.886 3.807 6.394 2 "virginica"
44 6.407 2.803 5.611 2.205 "virginica"
44 6.299 2.799 5.083 1.508 "virginica"
44 6.082 2.593 5.599 1.393 "virginica"
44 7.709 2.999 6.098 2.295 "virginica"
44 6.305 3.4 5.619 2.393 "virginica"
44 6.396 3.096 5.497 1.784 "virginica"
44 6.001 3.003 4.782 1.796 "virginica"
44 6.893 3.106 5.395 2.092 "virginica"
44 6.708 3.11 5.588 2.412 "virginica"
44 6.894 3.094 5.115 2.299 "virginica"
44 5.804 2.7 5.103 1.901 "virginica"
44 6.792 3.199 5.911 2.284 "virginica"
44 6.694 3.312 5.693 2.497 "virginica"
44 6.709 2.999 5.18 2.313 "virginica"
44 6.305 2.515 5.006 1.904 "virginica"
44 6.494 2.985 5.212 2.01 "virginica"
44 6.213 3.408 5.4 2.311 "virginica"
44 5.896 2.99 5.092 1.798 "virginica"
