61 5.089 3.502 1.405 0.197 "setosa"
61 4.904 3 1.41 0.197 "setosa"
61 4.706 3.209 1.302 0.216 "setosa"
61 4.592 3.104 1.509 0.192 "setosa"
61 5.004 3.599 1.403 0.195 "setosa"
61 5.404 3.885 1.703 0.401 "setosa"
61 4.579 3.401 1.391 0.302 "setosa"
61 5.007 3.395 1.507 0.21 "setosa"
61 4.413 2.901 1.389 0.213 "setosa"
61 4.907 3.107 1.5 0.101 "setosa"
61 5.414 3.707 1.525 0.205 "setosa"
61 4.808 3.382 1.586 0.201 "setosa"
61 4.81 3 1.4 0.111 "setosa"
61 4.298 3.003 1.1 0.112 "setosa"
61 5.804 3.976 1.206 0.204 "setosa"
61 5.697 4.393 1.487 0.394 "setosa"
61 5.396 3.915 1.305 0.403 "setosa"
61 5.093 3.508 1.407 0.294 "setosa"
61 5.69 3.812 1.689 0.316 "setosa"
61 5.091 3.793 1.506 0.3 "setosa"
61 5.39 3.397 1.692 0.194 "setosa"
61 5.088 3.695 1.486 0.402 "setosa"
61 4.61 3.598 0.998 0.204 "setosa"
61 5.103 3.299 1.698 0.501 "setosa"
61 4.799 3.385 1.916 0.199 "setosa"
61 5.02 2.998 1.618 0.179 "setosa"
61 5.002 3.393 1.597 0.407 "setosa"
61 5.179 3.488 1.496 0.202 "setosa"
61 5.201 3.408 1.401 0.206 "setosa"
61 4.678 3.21 1.588 0.191 "setosa"
61 4.797 3.083 1.602 0.191 "setosa"
61 5.407 3.41 1.49 0.402 "setosa"
61 5.205 4.117 1.479 0.104 "setosa"
61 5.504 4.206 1.396 0.204 "setosa"
61 4.886 3.103 1.512 0.193 "setosa"
61 5.003 3.202 1.21 0.186 "setosa"
61 5.504 3.513 1.32 0.21 "setosa"
61 4.905 3.584 1.397 0.097 "setosa"
61 4.397 2.999 1.301 0.212 "setosa"
61 5.106 3.408 1.515 0.204 "setosa"
61 5.003 3.494 1.317 0.295 "setosa"
61 4.479 2.29 1.296 0.278 "setosa"
61 4.398 3.185 1.298 0.21 "setosa"
61 5.008 3.494 1.604 0.595 "setosa"
61 5.096 3.803 1.896 0.385 "setosa"
61 4.792 2.989 1.401 0.319 "setosa"
61 5.11 3.804 1.599 0.197 "setosa"
61 4.597 3.192 1.395 0.198 "setosa"
61 5.297 3.706 1.503 0.198 "setosa"
61 5.01 3.307 1.387 0.18 "setosa"
61 7.014 3.202 4.72 1.402 "versicolor"
61 6.399 3.204 4.482 1.505 "versicolor"
61 6.886 3.118 4.905 1.495 "versicolor"
61 5.48 2.318 4.022 1.304 "versicolor"
61 6.499 2.812 4.589 1.503 "versicolor"
61 5.703 2.79 4.489 1.318 "versicolor"
61 6.289 3.284 4.697 1.593 "versicolor"
61 4.907 2.412 3.3 0.993 "versicolor"
61 6.592 2.913 4.605 1.309 "versicolor"
61 5.207 2.689 3.89 1.393 "versicolor"
61 4.999 2.003 3.513 1.011 "versicolor"
61 5.899 2.994 4.2 1.504 "versicolor"
61 6.004 2.221 4.003 0.996 "versicolor"
61 6.106 2.892 4.719 1.399 "versicolor"
61 5.595 2.906 3.579 1.304 "versicolor"
61 6.712 3.087 4.392 1.391 "versicolor"
61 5.598 2.994 4.489 1.481 "versicolor"
61 5.806 2.696 4.107 0.993 "versicolor"
61 6.204 2.204 4.493 1.499 "versicolor"
61 5.603 2.497 3.898 1.096 "versicolor"
61 5.896 3.196 4.811 1.807 "versicolor"
61 6.114 2.79 4.018 1.279 "versicolor"
61 6.323 2.507 4.907 1.5 "versicolor"
61 6.103 2.795 4.703 1.207 "versicolor"
61 6.401 2.894 4.288 1.298 "versicolor"
61 6.596 3.02 4.413 1.407 "versicolor"
61 6.815 2.803 4.792 1.417 "versicolor"
61 6.693 2.997 5.009 1.687 "versicolor"
61 5.969 2.883 4.504 1.493 "versicolor"
61 5.706 2.609 3.507 1 "versicolor"
61 5.498 2.41 3.799 1.096 "versicolor"
61 5.509 2.394 3.724 0.999 "versicolor"
61 5.807 2.692 3.91 1.208 "versicolor"
61 6.018 2.719 5.087 1.59 "versicolor"
61 5.391 2.994 4.503 1.498 "versicolor"
61 6.002 3.4 4.502 1.593 "versicolor"
61 6.705 3.093 4.706 1.496 "versicolor"
61 6.298 2.301 4.403 1.304 "versicolor"
61 5.573 2.977 4.087 1.309 "versicolor"
61 5.495 2.497 3.989 1.288 "versicolor"
61 5.502 2.59 4.41 1.196 "versicolor"
61 6.094 2.972 4.625 1.388 "versicolor"
61 5.81 2.589 4.008 1.189 "versicolor"
61 5.004 2.295 3.297 1.007 "versicolor"
61 5.614 2.72 4.201 1.299 "versicolor"
61 5.701 3.008 4.209 1.195 "versicolor"
61 5.695 2.885 4.191 1.294 "versicolor"
61 6.209 2.911 4.285 1.307 "versicolor"
61 5.088 2.512 2.995 1.087 "versicolor"
61 5.705 2.779 4.119 1.31 "versicolor"
61 6.301 3.305 5.995 2.499 "virginica"
61 5.798 2.7 5.11 1.895 "virginica"
61 7.102 3.013 5.908 2.089 "virginica"
61 6.32 2.889 5.612 1.779 "virginica"
61 6.514 3 5.797 2.195 "virginica"
61 7.591 2.992 6.589 2.096 "virginica"
61 4.882 2.494 4.507 1.695 "virginica"
61 7.312 2.897 6.314 1.809 "virginica"
61 6.69 2.501 5.8 1.801 "virginica"
61 7.191 3.591 6.129 2.502 "virginica"
61 6.51 3.201 5.097 2.013 "virginica"
61 6.386 2.714 5.318 1.895 "virginica"
61 6.811 3.003 5.501 2.102 "virginica"
61 5.701 2.483 4.991 2.001 "virginica"
61 5.782 2.81 5.091 2.402 "virginica"
61 6.401 3.196 5.299 2.299 "virginica"
61 6.504 2.997 5.499 1.801 "virginica"
61 7.698 3.791 6.716 2.196 "virginica"
61 7.697 2.607 6.893 2.286 "virginica"
61 5.992 2.198 4.995 1.502 "virginica"
61 6.888 3.202 5.728 2.309 "virginica"
61 5.6 2.81 4.898 1.994 "virginica"
61 7.695 2.81 6.712 1.988 "virginica"
61 6.304 2.717 4.9 1.807 "virginica"
61 6.713 3.309 5.71 2.1 "virginica"
61 7.188 3.196 5.988 1.794 "virginica"
61 6.2 2.789 4.806 1.786 "virginica"
61 6.101 3.015 4.904 1.812 "virginica"
61 6.404 2.811 5.586 2.11 "virginica"
61 7.192 3.016 5.81 1.59 "virginica"
61 7.401 2.813 6.088 1.892 "virginica"
61 7.898 3.819 6.421 2.012 "virginica"
61 6.405 2.798 5.613 2.209 "virginica"
61 6.297 2.787 5.111 1.49 "virginica"
61 6.084 2.604 5.595 1.412 "virginica"
61 7.689 3.002 6.099 2.305 "virginica"
61 6.282 3.406 5.608 2.396 "virginica"
61 6.399 3.105 5.509 1.81 "virginica"
61 5.995 3.017 4.79 1.788 "virginica"
61 6.891 3.098 5.406 2.098 "virginica"
61 6.679 3.102 5.594 2.398 "virginica"
61 6.906 3.103 5.079 2.29 "virginica"
61 5.784 2.693 5.111 1.878 "virginica"
61 6.801 3.204 5.902 2.31 "virginica"
61 6.701 3.306 5.698 2.492 "virginica"
61 6.69 3.011 5.197 2.306 "virginica"
61 6.322 2.5 4.986 1.914 "virginica"
61 6.5 2.991 5.197 2.007 "virginica"
61 6.183 3.41 5.384 2.312 "virginica"
61 5.909 3.009 5.103 1.783 "virginica"
