38 5.102 3.485 1.404 0.215 "setosa"
38 4.895 2.978 1.4 0.202 "setosa"
38 4.7 3.215 1.292 0.188 "setosa"
38 4.602 3.096 1.485 0.184 "setosa"
38 4.983 3.613 1.396 0.192 "setosa"
38 5.409 3.903 1.691 0.399 "setosa"
38 4.609 3.394 1.395 0.297 "setosa"
38 4.994 3.404 1.485 0.202 "setosa"
38 4.405 2.887 1.383 0.189 "setosa"
38 4.906 3.096 1.493 0.106 "setosa"
38 5.392 3.696 1.505 0.215 "setosa"
38 4.806 3.394 1.595 0.212 "setosa"
38 4.802 3.005 1.387 0.096 "setosa"
38 4.306 2.994 1.104 0.114 "setosa"
38 5.814 3.992 1.214 0.209 "setosa"
38 5.699 4.393 1.491 0.385 "setosa"
38 5.407 3.892 1.304 0.389 "setosa"
38 5.118 3.505 1.412 0.303 "setosa"
38 5.698 3.78 1.704 0.288 "setosa"
38 5.088 3.807 1.503 0.302 "setosa"
38 5.401 3.413 1.706 0.203 "setosa"
38 5.105 3.721 1.507 0.396 "setosa"
38 4.6 3.603 1 0.193 "setosa"
38 5.103 3.29 1.714 0.512 "setosa"
38 4.791 3.398 1.896 0.197 "setosa"
38 4.992 3 1.599 0.212 "setosa"
38 5.013 3.392 1.586 0.392 "setosa"
38 5.211 3.5 1.495 0.188 "setosa"
38 5.199 3.385 1.41 0.194 "setosa"
38 4.704 3.187 1.614 0.21 "setosa"
38 4.802 3.104 1.607 0.21 "setosa"
38 5.407 3.394 1.499 0.399 "setosa"
38 5.191 4.098 1.49 0.112 "setosa"
38 5.5 4.215 1.391 0.212 "setosa"
38 4.915 3.092 1.48 0.208 "setosa"
38 5.007 3.195 1.187 0.198 "setosa"
38 5.489 3.489 1.296 0.205 "setosa"
38 4.907 3.597 1.399 0.097 "setosa"
38 4.408 3.009 1.303 0.218 "setosa"
38 5.101 3.4 1.507 0.202 "setosa"
38 4.986 3.501 1.313 0.307 "setosa"
38 4.495 2.309 1.296 0.303 "setosa"
38 4.388 3.202 1.305 0.195 "setosa"
38 5.004 3.504 1.593 0.604 "setosa"
38 5.104 3.776 1.907 0.4 "setosa"
38 4.796 3.004 1.393 0.292 "setosa"
38 5.095 3.8 1.599 0.189 "setosa"
38 4.608 3.199 1.388 0.195 "setosa"
38 5.307 3.686 1.514 0.208 "setosa"
38 5.002 3.302 1.421 0.206 "setosa"
38 7.005 3.195 4.695 1.404 "versicolor"
38 6.406 3.206 4.498 1.503 "versicolor"
38 6.905 3.107 4.886 1.509 "versicolor"
38 5.5 2.295 4.006 1.288 "versicolor"
38 6.501 2.803 4.599 1.488 "versicolor"
38 5.691 2.805 4.503 1.296 "versicolor"
38 6.303 3.312 4.698 1.592 "versicolor"
38 4.897 2.401 3.289 0.998 "versicolor"
38 6.593 2.896 4.592 1.304 "versicolor"
38 5.209 2.703 3.918 1.406 "versicolor"
38 4.997 1.996 3.487 0.997 "versicolor"
38 5.91 3.005 4.199 1.493 "versicolor"
38 5.996 2.191 3.993 1.01 "versicolor"
38 6.094 2.889 4.708 1.396 "versicolor"
38 5.618 2.906 3.62 1.297 "versicolor"
38 6.703 3.106 4.419 1.392 "versicolor"
38 5.594 3.022 4.507 1.507 "versicolor"
38 5.796 2.697 4.104 1.017 "versicolor"
38 6.209 2.205 4.501 1.489 "versicolor"
38 5.604 2.515 3.899 1.1 "versicolor"
38 5.895 3.189 4.789 1.804 "versicolor"
38 6.084 2.795 3.999 1.302 "versicolor"
38 6.311 2.494 4.896 1.495 "versicolor"
38 6.089 2.806 4.703 1.197 "versicolor"
38 6.414 2.894 4.294 1.284 "versicolor"
38 6.592 3.014 4.398 1.41 "versicolor"
38 6.765 2.801 4.791 1.379 "versicolor"
38 6.695 3.005 5.012 1.703 "versicolor"
38 6.008 2.909 4.49 1.499 "versicolor"
38 5.692 2.582 3.516 0.995 "versicolor"
38 5.502 2.391 3.797 1.101 "versicolor"
38 5.502 2.412 3.692 0.987 "versicolor"
38 5.807 2.704 3.89 1.207 "versicolor"
38 6.001 2.708 5.096 1.606 "versicolor"
38 5.406 3.017 4.505 1.491 "versicolor"
38 6 3.406 4.519 1.606 "versicolor"
38 6.712 3.092 4.71 1.495 "versicolor"
38 6.308 2.312 4.404 1.305 "versicolor"
38 5.605 2.996 4.085 1.281 "versicolor"
38 5.505 2.501 3.986 1.295 "versicolor"
38 5.493 2.614 4.397 1.2 "versicolor"
38 6.082 3.01 4.59 1.396 "versicolor"
38 5.796 2.588 3.998 1.192 "versicolor"
38 4.993 2.303 3.299 0.999 "versicolor"
38 5.591 2.695 4.191 1.306 "versicolor"
38 5.711 3.009 4.207 1.177 "versicolor"
38 5.7 2.911 4.208 1.296 "versicolor"
38 6.19 2.888 4.29 1.299 "versicolor"
38 5.089 2.488 3.006 1.09 "versicolor"
38 5.701 2.806 4.105 1.297 "versicolor"
38 6.297 3.303 5.991 2.498 "virginica"
38 5.808 2.684 5.11 1.915 "virginica"
38 7.091 3.001 5.897 2.086 "virginica"
38 6.301 2.881 5.611 1.813 "virginica"
38 6.512 3.006 5.786 2.208 "virginica"
38 7.611 3.004 6.611 2.081 "virginica"
38 4.907 2.505 4.49 1.715 "virginica"
38 7.307 2.902 6.289 1.784 "virginica"
38 6.687 2.518 5.802 1.802 "virginica"
38 7.209 3.588 6.114 2.516 "virginica"
38 6.492 3.218 5.096 1.991 "virginica"
38 6.387 2.728 5.301 1.884 "virginica"
38 6.801 2.991 5.484 2.104 "virginica"
38 5.7 2.504 4.992 2.001 "virginica"
38 5.818 2.797 5.1 2.39 "virginica"
38 6.386 3.189 5.294 2.318 "virginica"
38 6.496 2.985 5.495 1.789 "virginica"
38 7.707 3.798 6.714 2.204 "virginica"
38 7.706 2.608 6.907 2.267 "virginica"
38 6.002 2.215 5.011 1.495 "virginica"
38 6.903 3.201 5.688 2.29 "virginica"
38 5.595 2.793 4.924 2.01 "virginica"
38 7.72 2.804 6.722 2.002 "virginica"
38 6.294 2.716 4.917 1.798 "virginica"
38 6.687 3.292 5.703 2.102 "virginica"
38 7.198 3.185 5.985 1.786 "virginica"
38 6.212 2.789 4.8 1.792 "virginica"
38 6.119 3 4.883 1.791 "virginica"
38 6.405 2.787 5.616 2.107 "virginica"
38 7.207 2.998 5.789 1.599 "virginica"
38 7.4 2.791 6.092 1.905 "virginica"
38 7.903 3.796 6.419 2.003 "virginica"
38 6.418 2.806 5.596 2.207 "virginica"
38 6.282 2.807 5.106 1.487 "virginica"
38 6.086 2.597 5.591 1.409 "virginica"
38 7.708 2.995 6.092 2.287 "virginica"
38 6.313 3.395 5.591 2.413 "virginica"
38 6.391 3.101 5.495 1.804 "virginica"
38 6.006 3.013 4.81 1.781 "virginica"
38 6.888 3.111 5.401 2.099 "virginica"
38 6.704 3.107 5.611 2.396 "virginica"
38 6.896 3.097 5.099 2.285 "virginica"
38 5.806 2.691 5.103 1.895 "virginica"
38 6.802 3.2 5.9 2.294 "virginica"
38 6.706 3.288 5.708 2.49 "virginica"
38 6.701 2.988 5.194 2.291 "virginica"
38 6.303 2.519 5.01 1.892 "virginica"
38 6.488 3.003 5.199 2.003 "virginica"
38 6.215 3.41 5.398 2.29 "virginica"
38 5.905 2.997 5.105 1.817 "virginica"
