82 5.1 3.499 1.398 0.197 "setosa"
82 4.89 2.996 1.418 0.191 "setosa"
82 4.694 3.213 1.274 0.21 "setosa"
82 4.584 3.1 1.506 0.218 "setosa"
82 5.016 3.598 1.423 0.204 "setosa"
82 5.39 3.898 1.704 0.387 "setosa"
82 4.609 3.408 1.403 0.291 "setosa"
82 5.008 3.395 1.499 0.212 "setosa"
82 4.401 2.902 1.411 0.201 "setosa"
82 4.897 3.105 1.498 0.109 "setosa"
82 5.411 3.711 1.505 0.204 "setosa"
82 4.795 3.409 1.613 0.213 "setosa"
82 4.815 3.014 1.398 0.105 "setosa"
82 4.312 2.977 1.087 0.088 "setosa"
82 5.785 3.986 1.186 0.198 "setosa"
82 5.679 4.384 1.51 0.414 "setosa"
82 5.409 3.897 1.314 0.391 "setosa"
82 5.084 3.497 1.401 0.305 "setosa"
82 5.682 3.798 1.708 0.307 "setosa"
82 5.113 3.789 1.505 0.299 "setosa"
82 5.393 3.4 1.712 0.197 "setosa"
82 5.106 3.699 1.521 0.401 "setosa"
82 4.595 3.607 0.996 0.202 "setosa"
82 5.106 3.309 1.694 0.5 "setosa"
82 4.78 3.401 1.895 0.204 "setosa"
82 5.001 3.014 1.599 0.176 "setosa"
82 4.992 3.403 1.597 0.411 "setosa"
82 5.197 3.497 1.503 0.207 "setosa"
82 5.213 3.388 1.38 0.192 "setosa"
82 4.696 3.208 1.603 0.197 "setosa"
82 4.804 3.098 1.594 0.19 "setosa"
82 5.4 3.419 1.499 0.409 "setosa"
82 5.204 4.092 1.5 0.107 "setosa"
82 5.494 4.206 1.405 0.214 "setosa"
82 4.902 3.116 1.489 0.208 "setosa"
82 5.004 3.208 1.185 0.183 "setosa"
82 5.481 3.486 1.306 0.195 "setosa"
82 4.884 3.59 1.392 0.114 "setosa"
82 4.411 2.986 1.297 0.191 "setosa"
82 5.102 3.401 1.501 0.201 "setosa"
82 4.998 3.48 1.285 0.299 "setosa"
82 4.51 2.303 1.289 0.283 "setosa"
82 4.406 3.21 1.3 0.178 "setosa"
82 5.001 3.501 1.588 0.593 "setosa"
82 5.101 3.784 1.904 0.396 "setosa"
82 4.801 2.982 1.4 0.316 "setosa"
82 5.113 3.794 1.595 0.21 "setosa"
82 4.609 3.182 1.41 0.198 "setosa"
82 5.3 3.685 1.493 0.191 "setosa"
82 4.994 3.309 1.399 0.219 "setosa"
82 7.005 3.205 4.685 1.381 "versicolor"
82 6.393 3.205 4.502 1.496 "versicolor"
82 6.887 3.076 4.895 1.503 "versicolor"
82 5.511 2.302 3.999 1.3 "versicolor"
82 6.491 2.812 4.615 1.499 "versicolor"
82 5.7 2.799 4.493 1.296 "versicolor"
82 6.313 3.302 4.693 1.588 "versicolor"
82 4.903 2.401 3.306 1.007 "versicolor"
82 6.618 2.885 4.601 1.287 "versicolor"
82 5.184 2.711 3.9 1.401 "versicolor"
82 4.982 1.999 3.51 0.985 "versicolor"
82 5.893 2.989 4.203 1.503 "versicolor"
82 5.99 2.204 4.005 1.001 "versicolor"
82 6.11 2.9 4.705 1.402 "versicolor"
82 5.611 2.894 3.599 1.316 "versicolor"
82 6.689 3.089 4.392 1.408 "versicolor"
82 5.609 3 4.506 1.499 "versicolor"
82 5.812 2.702 4.077 0.999 "versicolor"
82 6.189 2.215 4.5 1.497 "versicolor"
82 5.598 2.496 3.903 1.098 "versicolor"
82 5.902 3.209 4.813 1.797 "versicolor"
82 6.107 2.793 4.004 1.314 "versicolor"
82 6.311 2.48 4.901 1.502 "versicolor"
82 6.091 2.806 4.697 1.198 "versicolor"
82 6.395 2.884 4.297 1.305 "versicolor"
82 6.601 2.998 4.395 1.397 "versicolor"
82 6.801 2.794 4.785 1.405 "versicolor"
82 6.686 3.005 4.99 1.725 "versicolor"
82 5.986 2.903 4.501 1.512 "versicolor"
82 5.695 2.597 3.5 1.01 "versicolor"
82 5.49 2.406 3.809 1.083 "versicolor"
82 5.505 2.398 3.683 0.984 "versicolor"
82 5.8 2.695 3.887 1.219 "versicolor"
82 6.001 2.701 5.12 1.601 "versicolor"
82 5.402 2.996 4.496 1.507 "versicolor"
82 6.002 3.411 4.515 1.604 "versicolor"
82 6.697 3.097 4.692 1.527 "versicolor"
82 6.304 2.304 4.399 1.293 "versicolor"
82 5.587 3.008 4.105 1.294 "versicolor"
82 5.516 2.515 4.002 1.313 "versicolor"
82 5.509 2.59 4.402 1.189 "versicolor"
82 6.11 3.006 4.591 1.405 "versicolor"
82 5.809 2.605 4.007 1.207 "versicolor"
82 5.005 2.288 3.283 1.021 "versicolor"
82 5.587 2.707 4.204 1.298 "versicolor"
82 5.697 2.981 4.2 1.188 "versicolor"
82 5.691 2.871 4.205 1.295 "versicolor"
82 6.217 2.901 4.294 1.296 "versicolor"
82 5.091 2.511 2.983 1.069 "versicolor"
82 5.707 2.797 4.105 1.297 "versicolor"
82 6.318 3.296 6.005 2.502 "virginica"
82 5.802 2.714 5.116 1.907 "virginica"
82 7.107 3.007 5.9 2.118 "virginica"
82 6.299 2.896 5.6 1.808 "virginica"
82 6.48 3.006 5.804 2.199 "virginica"
82 7.584 3.005 6.593 2.089 "virginica"
82 4.901 2.506 4.488 1.69 "virginica"
82 7.297 2.879 6.295 1.812 "virginica"
82 6.692 2.499 5.794 1.787 "virginica"
82 7.212 3.586 6.104 2.507 "virginica"
82 6.504 3.189 5.095 2.011 "virginica"
82 6.377 2.695 5.306 1.898 "virginica"
82 6.803 2.976 5.514 2.097 "virginica"
82 5.71 2.51 5.01 1.996 "virginica"
82 5.799 2.789 5.091 2.392 "virginica"
82 6.4 3.199 5.283 2.29 "virginica"
82 6.516 2.995 5.487 1.791 "virginica"
82 7.698 3.799 6.69 2.197 "virginica"
82 7.696 2.602 6.894 2.289 "virginica"
82 6.003 2.202 4.987 1.5 "virginica"
82 6.895 3.212 5.707 2.303 "virginica"
82 5.578 2.8 4.871 2.008 "virginica"
82 7.699 2.828 6.698 2.009 "virginica"
82 6.297 2.702 4.904 1.791 "virginica"
82 6.703 3.312 5.704 2.119 "virginica"
82 7.189 3.202 6.004 1.79 "virginica"
82 6.216 2.803 4.817 1.812 "virginica"
82 6.099 2.992 4.9 1.796 "virginica"
82 6.399 2.807 5.605 2.103 "virginica"
82 7.187 2.99 5.805 1.604 "virginica"
82 7.396 2.813 6.109 1.898 "virginica"
82 7.914 3.809 6.418 2.007 "virginica"
82 6.411 2.804 5.601 2.218 "virginica"
82 6.301 2.81 5.104 1.499 "virginica"
82 6.104 2.593 5.602 1.406 "virginica"
82 7.693 3.006 6.102 2.289 "virginica"
82 6.304 3.406 5.623 2.41 "virginica"
82 6.404 3.119 5.497 1.795 "virginica"
82 5.995 3.008 4.797 1.812 "virginica"
82 6.905 3.108 5.4 2.091 "virginica"
82 6.683 3.089 5.608 2.399 "virginica"
82 6.893 3.103 5.109 2.313 "virginica"
82 5.787 2.71 5.107 1.892 "virginica"
82 6.791 3.207 5.903 2.304 "virginica"
82 6.7 3.312 5.724 2.493 "virginica"
82 6.702 3.005 5.221 2.307 "virginica"
82 6.293 2.491 5.013 1.904 "virginica"
82 6.492 2.996 5.209 1.995 "virginica"
82 6.192 3.4 5.404 2.303 "virginica"
82 5.921 3.013 5.097 1.794 "virginica"
