27 5.109 3.507 1.403 0.195 "setosa"
27 4.89 3.005 1.392 0.213 "setosa"
27 4.71 3.214 1.307 0.202 "setosa"
27 4.621 3.105 1.501 0.19 "setosa"
27 5.005 3.593 1.418 0.201 "setosa"
27 5.408 3.923 1.696 0.387 "setosa"
27 4.597 3.399 1.396 0.295 "setosa"
27 5.003 3.409 1.504 0.206 "setosa"
27 4.391 2.912 1.394 0.198 "setosa"
27 4.904 3.101 1.519 0.094 "setosa"
27 5.403 3.698 1.483 0.21 "setosa"
27 4.802 3.393 1.607 0.194 "setosa"
27 4.796 2.989 1.399 0.11 "setosa"
27 4.319 3.012 1.097 0.094 "setosa"
27 5.81 4.01 1.197 0.188 "setosa"
27 5.694 4.403 1.495 0.399 "setosa"
27 5.405 3.898 1.283 0.401 "setosa"
27 5.095 3.499 1.409 0.32 "setosa"
27 5.709 3.799 1.692 0.322 "setosa"
27 5.101 3.775 1.498 0.308 "setosa"
27 5.399 3.389 1.72 0.205 "setosa"
27 5.113 3.695 1.501 0.392 "setosa"
27 4.601 3.588 1.003 0.202 "setosa"
27 5.104 3.296 1.685 0.494 "setosa"
27 4.8 3.407 1.903 0.198 "setosa"
27 5 2.997 1.604 0.216 "setosa"
27 5 3.396 1.58 0.393 "setosa"
27 5.213 3.493 1.505 0.195 "setosa"
27 5.206 3.401 1.403 0.213 "setosa"
27 4.708 3.209 1.598 0.225 "setosa"
27 4.792 3.097 1.582 0.199 "setosa"
27 5.395 3.411 1.504 0.394 "setosa"
27 5.203 4.11 1.487 0.097 "setosa"
27 5.515 4.192 1.403 0.208 "setosa"
27 4.892 3.105 1.502 0.193 "setosa"
27 5.015 3.21 1.215 0.196 "setosa"
27 5.503 3.516 1.307 0.207 "setosa"
27 4.902 3.605 1.405 0.094 "setosa"
27 4.41 2.996 1.306 0.191 "setosa"
27 5.099 3.397 1.514 0.197 "setosa"
27 5.004 3.508 1.285 0.309 "setosa"
27 4.499 2.312 1.301 0.278 "setosa"
27 4.386 3.201 1.302 0.205 "setosa"
27 4.993 3.492 1.611 0.594 "setosa"
27 5.107 3.816 1.9 0.39 "setosa"
27 4.797 2.99 1.42 0.318 "setosa"
27 5.115 3.787 1.599 0.202 "setosa"
27 4.606 3.217 1.414 0.206 "setosa"
27 5.309 3.695 1.503 0.204 "setosa"
27 5.023 3.29 1.401 0.212 "setosa"
27 7.011 3.195 4.687 1.402 "versicolor"
27 6.386 3.204 4.503 1.484 "versicolor"
27 6.909 3.115 4.909 1.509 "versicolor"
27 5.509 2.297 3.998 1.293 "versicolor"
27 6.506 2.792 4.603 1.484 "versicolor"
27 5.713 2.79 4.507 1.29 "versicolor"
27 6.302 3.296 4.708 1.61 "versicolor"
27 4.883 2.406 3.298 1.008 "versicolor"
27 6.595 2.888 4.598 1.292 "versicolor"
27 5.181 2.697 3.898 1.402 "versicolor"
27 5.011 1.988 3.504 1.006 "versicolor"
27 5.89 2.994 4.226 1.507 "versicolor"
27 6.005 2.205 4.018 1.01 "versicolor"
27 6.093 2.907 4.695 1.397 "versicolor"
27 5.587 2.897 3.595 1.303 "versicolor"
27 6.709 3.095 4.392 1.4 "versicolor"
27 5.608 3.01 4.501 1.497 "versicolor"
27 5.785 2.702 4.095 1.015 "versicolor"
27 6.187 2.204 4.488 1.509 "versicolor"
27 5.599 2.495 3.899 1.098 "versicolor"
27 5.885 3.207 4.8 1.791 "versicolor"
27 6.103 2.787 4.002 1.311 "versicolor"
27 6.295 2.51 4.905 1.502 "versicolor"
27 6.11 2.807 4.715 1.207 "versicolor"
27 6.411 2.897 4.314 1.287 "versicolor"
27 6.598 3 4.391 1.397 "versicolor"
27 6.791 2.803 4.801 1.393 "versicolor"
27 6.702 2.994 4.998 1.695 "versicolor"
27 6.004 2.913 4.491 1.494 "versicolor"
27 5.693 2.606 3.496 1.005 "versicolor"
27 5.499 2.388 3.801 1.091 "versicolor"
27 5.498 2.401 3.714 1 "versicolor"
27 5.821 2.696 3.89 1.189 "versicolor"
27 6.011 2.71 5.103 1.586 "versicolor"
27 5.385 3.019 4.504 1.507 "versicolor"
27 5.999 3.403 4.513 1.587 "versicolor"
27 6.683 3.105 4.694 1.502 "versicolor"
27 6.3 2.285 4.416 1.295 "versicolor"
27 5.596 2.999 4.096 1.287 "versicolor"
27 5.496 2.489 3.981 1.293 "versicolor"
27 5.507 2.592 4.41 1.212 "versicolor"
27 6.1 2.988 4.612 1.42 "versicolor"
27 5.789 2.627 4.01 1.197 "versicolor"
27 4.983 2.286 3.332 1.003 "versicolor"
27 5.597 2.681 4.193 1.298 "versicolor"
27 5.692 2.985 4.2 1.211 "versicolor"
27 5.683 2.903 4.216 1.311 "versicolor"
27 6.2 2.905 4.309 1.287 "versicolor"
27 5.107 2.499 3.002 1.091 "versicolor"
27 5.679 2.802 4.097 1.302 "versicolor"
27 6.308 3.303 5.999 2.505 "virginica"
27 5.799 2.708 5.116 1.904 "virginica"
27 7.082 3.013 5.892 2.11 "virginica"
27 6.311 2.908 5.603 1.795 "virginica"
27 6.496 3.001 5.804 2.201 "virginica"
27 7.602 2.998 6.599 2.131 "virginica"
27 4.889 2.52 4.493 1.691 "virginica"
27 7.312 2.912 6.284 1.794 "virginica"
27 6.714 2.5 5.788 1.79 "virginica"
27 7.209 3.599 6.1 2.524 "virginica"
27 6.498 3.19 5.11 1.997 "virginica"
27 6.389 2.692 5.306 1.905 "virginica"
27 6.781 3.014 5.507 2.105 "virginica"
27 5.697 2.495 4.998 2.009 "virginica"
27 5.804 2.789 5.101 2.408 "virginica"
27 6.411 3.202 5.299 2.295 "virginica"
27 6.516 3.014 5.479 1.781 "virginica"
27 7.673 3.81 6.696 2.212 "virginica"
27 7.704 2.592 6.905 2.302 "virginica"
27 5.975 2.216 5 1.501 "virginica"
27 6.907 3.208 5.688 2.312 "virginica"
27 5.592 2.806 4.902 2.004 "virginica"
27 7.698 2.813 6.696 2.024 "virginica"
27 6.291 2.695 4.902 1.786 "virginica"
27 6.693 3.303 5.724 2.109 "virginica"
27 7.202 3.189 5.988 1.802 "virginica"
27 6.208 2.803 4.798 1.807 "virginica"
27 6.105 2.982 4.909 1.808 "virginica"
27 6.395 2.808 5.591 2.106 "virginica"
27 7.217 3.009 5.815 1.587 "virginica"
27 7.404 2.807 6.094 1.899 "virginica"
27 7.896 3.791 6.381 1.993 "virginica"
27 6.4 2.803 5.605 2.202 "virginica"
27 6.307 2.814 5.089 1.504 "virginica"
27 6.087 2.608 5.59 1.396 "virginica"
27 7.708 2.999 6.094 2.307 "virginica"
27 6.302 3.399 5.604 2.422 "virginica"
27 6.415 3.098 5.494 1.793 "virginica"
27 5.976 2.996 4.808 1.816 "virginica"
27 6.908 3.105 5.409 2.105 "virginica"
27 6.711 3.1 5.605 2.385 "virginica"
27 6.912 3.108 5.085 2.291 "virginica"
27 5.814 2.706 5.077 1.896 "virginica"
27 6.792 3.214 5.899 2.293 "virginica"
27 6.682 3.29 5.703 2.506 "virginica"
27 6.726 2.99 5.215 2.293 "virginica"
27 6.299 2.524 4.998 1.905 "virginica"
27 6.5 3.003 5.198 1.99 "virginica"
27 6.21 3.411 5.39 2.3 "virginica"
27 5.9 3.008 5.097 1.805 "virginica"
