76 5.104 3.5 1.409 0.197 "setosa"
76 4.911 3.016 1.398 0.216 "setosa"
76 4.705 3.189 1.297 0.185 "setosa"
76 4.582 3.111 1.51 0.201 "setosa"
76 4.999 3.601 1.413 0.198 "setosa"
76 5.425 3.888 1.709 0.412 "setosa"
76 4.591 3.41 1.415 0.323 "setosa"
76 4.981 3.392 1.508 0.198 "setosa"
76 4.398 2.904 1.394 0.198 "setosa"
76 4.909 3.096 1.514 0.078 "setosa"
76 5.392 3.688 1.51 0.194 "setosa"
76 4.804 3.405 1.603 0.193 "setosa"
76 4.805 2.986 1.396 0.101 "setosa"
76 4.301 2.999 1.089 0.094 "setosa"
76 5.811 3.998 1.21 0.203 "setosa"
76 5.712 4.381 1.508 0.416 "setosa"
76 5.391 3.887 1.308 0.391 "setosa"
76 5.117 3.515 1.405 0.309 "setosa"
76 5.69 3.802 1.706 0.288 "setosa"
76 5.094 3.819 1.504 0.304 "setosa"
76 5.401 3.394 1.682 0.2 "setosa"
76 5.085 3.696 1.512 0.415 "setosa"
76 4.602 3.59 1.006 0.192 "setosa"
76 5.123 3.313 1.71 0.487 "setosa"
76 4.797 3.418 1.903 0.195 "setosa"
76 5.016 2.999 1.592 0.196 "setosa"
76 5 3.397 1.599 0.407 "setosa"
76 5.208 3.497 1.501 0.216 "setosa"
76 5.196 3.4 1.398 0.219 "setosa"
76 4.709 3.186 1.6 0.199 "setosa"
76 4.814 3.108 1.59 0.192 "setosa"
76 5.403 3.399 1.497 0.408 "setosa"
76 5.187 4.086 1.492 0.086 "setosa"
76 5.505 4.2 1.376 0.197 "setosa"
76 4.886 3.098 1.489 0.211 "setosa"
76 4.995 3.204 1.211 0.194 "setosa"
76 5.512 3.479 1.289 0.191 "setosa"
76 4.895 3.594 1.417 0.1 "setosa"
76 4.394 2.983 1.299 0.19 "setosa"
76 5.082 3.397 1.51 0.205 "setosa"
76 4.986 3.502 1.289 0.302 "setosa"
76 4.512 2.309 1.274 0.302 "setosa"
76 4.396 3.185 1.312 0.194 "setosa"
76 5.007 3.493 1.601 0.599 "setosa"
76 5.098 3.802 1.894 0.404 "setosa"
76 4.817 3.007 1.396 0.31 "setosa"
76 5.107 3.807 1.589 0.199 "setosa"
76 4.61 3.186 1.393 0.197 "setosa"
76 5.288 3.695 1.502 0.2 "setosa"
76 5.009 3.297 1.405 0.187 "setosa"
76 7.003 3.196 4.692 1.39 "versicolor"
76 6.391 3.197 4.513 1.49 "versicolor"
76 6.894 3.113 4.887 1.471 "versicolor"
76 5.491 2.292 4.023 1.316 "versicolor"
76 6.499 2.8 4.595 1.505 "versicolor"
76 5.7 2.809 4.484 1.281 "versicolor"
76 6.306 3.298 4.701 1.603 "versicolor"
76 4.91 2.404 3.317 1.004 "versicolor"
76 6.595 2.896 4.615 1.299 "versicolor"
76 5.199 2.68 3.898 1.403 "versicolor"
76 5.001 1.992 3.5 1.001 "versicolor"
76 5.896 3.007 4.21 1.502 "versicolor"
76 6.005 2.199 4 0.986 "versicolor"
76 6.109 2.897 4.698 1.396 "versicolor"
76 5.599 2.908 3.602 1.298 "versicolor"
76 6.695 3.106 4.394 1.398 "versicolor"
76 5.62 3.005 4.5 1.485 "versicolor"
76 5.797 2.697 4.106 0.998 "versicolor"
76 6.21 2.211 4.493 1.512 "versicolor"
76 5.614 2.493 3.884 1.104 "versicolor"
76 5.9 3.204 4.787 1.792 "versicolor"
76 6.096 2.794 3.996 1.294 "versicolor"
76 6.312 2.509 4.9 1.503 "versicolor"
76 6.118 2.787 4.699 1.205 "versicolor"
76 6.395 2.901 4.289 1.284 "versicolor"
76 6.595 3 4.405 1.401 "versicolor"
76 6.793 2.8 4.81 1.385 "versicolor"
76 6.702 2.996 5.015 1.708 "versicolor"
76 5.998 2.883 4.501 1.501 "versicolor"
76 5.726 2.609 3.51 0.987 "versicolor"
76 5.505 2.396 3.79 1.102 "versicolor"
76 5.481 2.384 3.696 0.997 "versicolor"
76 5.812 2.698 3.885 1.199 "versicolor"
76 6.001 2.703 5.104 1.6 "versicolor"
76 5.401 2.993 4.484 1.511 "versicolor"
76 6.007 3.411 4.51 1.613 "versicolor"
76 6.69 3.109 4.692 1.488 "versicolor"
76 6.309 2.297 4.407 1.276 "versicolor"
76 5.598 3.013 4.104 1.3 "versicolor"
76 5.494 2.494 3.994 1.296 "versicolor"
76 5.489 2.608 4.399 1.195 "versicolor"
76 6.107 3.002 4.602 1.404 "versicolor"
76 5.8 2.607 4.007 1.184 "versicolor"
76 5.002 2.31 3.286 1.012 "versicolor"
76 5.59 2.713 4.196 1.317 "versicolor"
76 5.716 3.009 4.203 1.216 "versicolor"
76 5.693 2.908 4.184 1.318 "versicolor"
76 6.202 2.901 4.3 1.273 "versicolor"
76 5.095 2.51 2.975 1.097 "versicolor"
76 5.708 2.783 4.107 1.299 "versicolor"
76 6.3 3.303 5.994 2.493 "virginica"
76 5.791 2.694 5.12 1.909 "virginica"
76 7.1 2.999 5.913 2.117 "virginica"
76 6.296 2.905 5.609 1.803 "virginica"
76 6.495 3 5.802 2.193 "virginica"
76 7.601 2.989 6.608 2.093 "virginica"
76 4.9 2.492 4.481 1.705 "virginica"
76 7.312 2.918 6.313 1.798 "virginica"
76 6.698 2.503 5.814 1.809 "virginica"
76 7.207 3.584 6.099 2.489 "virginica"
76 6.499 3.181 5.103 2.001 "virginica"
76 6.395 2.706 5.312 1.902 "virginica"
76 6.808 2.979 5.515 2.099 "virginica"
76 5.687 2.5 5.015 2.007 "virginica"
76 5.802 2.796 5.083 2.412 "virginica"
76 6.404 3.216 5.308 2.307 "virginica"
76 6.515 2.985 5.512 1.792 "virginica"
76 7.698 3.802 6.703 2.205 "virginica"
76 7.704 2.594 6.904 2.307 "virginica"
76 6 2.196 4.994 1.514 "virginica"
76 6.908 3.186 5.698 2.309 "virginica"
76 5.608 2.795 4.897 1.998 "virginica"
76 7.695 2.803 6.713 2.002 "virginica"
76 6.304 2.693 4.919 1.788 "virginica"
76 6.706 3.302 5.706 2.102 "virginica"
76 7.207 3.208 6.003 1.798 "virginica"
76 6.198 2.783 4.795 1.811 "virginica"
76 6.116 2.997 4.907 1.799 "virginica"
76 6.393 2.801 5.603 2.102 "virginica"
76 7.202 3.009 5.793 1.586 "virginica"
76 7.389 2.788 6.123 1.908 "virginica"
76 7.913 3.798 6.393 1.993 "virginica"
76 6.387 2.814 5.611 2.194 "virginica"
76 6.299 2.806 5.09 1.518 "virginica"
76 6.09 2.594 5.599 1.411 "virginica"
76 7.695 2.995 6.102 2.295 "virginica"
76 6.295 3.409 5.601 2.407 "virginica"
76 6.396 3.127 5.51 1.811 "virginica"
76 6.006 2.997 4.794 1.79 "virginica"
76 6.9 3.103 5.395 2.097 "virginica"
76 6.698 3.105 5.594 2.403 "virginica"
76 6.908 3.104 5.109 2.301 "virginica"
76 5.801 2.695 5.098 1.9 "virginica"
76 6.791 3.206 5.889 2.304 "virginica"
76 6.7 3.276 5.702 2.507 "virginica"
76 6.69 3.016 5.195 2.3 "virginica"
76 6.293 2.504 4.997 1.898 "virginica"
76 6.495 2.983 5.218 1.983 "virginica"
76 6.187 3.395 5.399 2.309 "virginica"
76 5.9 2.997 5.107 1.796 "virginica"
