31 5.106 3.497 1.406 0.207 "setosa"
31 4.915 2.996 1.39 0.19 "setosa"
31 4.699 3.203 1.308 0.2 "setosa"
31 4.601 3.102 1.499 0.214 "setosa"
31 4.989 3.604 1.404 0.201 "setosa"
31 5.399 3.896 1.698 0.412 "setosa"
31 4.614 3.412 1.385 0.31 "setosa"
31 5.004 3.4 1.496 0.181 "setosa"
31 4.412 2.883 1.396 0.2 "setosa"
31 4.904 3.108 1.502 0.102 "setosa"
31 5.38 3.696 1.506 0.201 "setosa"
31 4.804 3.396 1.6 0.216 "setosa"
31 4.808 3.012 1.398 0.093 "setosa"
31 4.316 2.998 1.094 0.091 "setosa"
31 5.808 3.995 1.196 0.2 "setosa"
31 5.689 4.409 1.494 0.377 "setosa"
31 5.394 3.896 1.305 0.406 "setosa"
31 5.101 3.5 1.397 0.286 "setosa"
31 5.707 3.786 1.688 0.304 "setosa"
31 5.108 3.804 1.517 0.318 "setosa"
31 5.404 3.388 1.693 0.211 "setosa"
31 5.103 3.682 1.498 0.388 "setosa"
31 4.598 3.619 1.008 0.205 "setosa"
31 5.084 3.306 1.705 0.502 "setosa"
31 4.798 3.404 1.898 0.206 "setosa"
31 5.008 3 1.602 0.187 "setosa"
31 5.003 3.389 1.613 0.378 "setosa"
31 5.192 3.507 1.498 0.179 "setosa"
31 5.206 3.395 1.4 0.202 "setosa"
31 4.709 3.2 1.587 0.2 "setosa"
31 4.786 3.107 1.612 0.189 "setosa"
31 5.401 3.399 1.482 0.387 "setosa"
31 5.203 4.112 1.523 0.098 "setosa"
31 5.481 4.184 1.392 0.196 "setosa"
31 4.892 3.075 1.51 0.176 "setosa"
31 4.987 3.196 1.207 0.198 "setosa"
31 5.505 3.506 1.298 0.198 "setosa"
31 4.9 3.595 1.398 0.1 "setosa"
31 4.401 2.994 1.297 0.215 "setosa"
31 5.089 3.401 1.501 0.193 "setosa"
31 5.001 3.492 1.312 0.277 "setosa"
31 4.496 2.306 1.315 0.312 "setosa"
31 4.413 3.192 1.3 0.21 "setosa"
31 5.009 3.483 1.59 0.607 "setosa"
31 5.088 3.8 1.907 0.414 "setosa"
31 4.792 2.992 1.392 0.302 "setosa"
31 5.101 3.784 1.605 0.222 "setosa"
31 4.584 3.185 1.424 0.18 "setosa"
31 5.298 3.705 1.481 0.207 "setosa"
31 5.009 3.307 1.414 0.205 "setosa"
31 6.99 3.192 4.691 1.407 "versicolor"
31 6.404 3.21 4.512 1.511 "versicolor"
31 6.899 3.102 4.896 1.511 "versicolor"
31 5.496 2.298 3.999 1.301 "versicolor"
31 6.498 2.798 4.603 1.474 "versicolor"
31 5.693 2.806 4.518 1.306 "versicolor"
31 6.301 3.297 4.711 1.608 "versicolor"
31 4.887 2.405 3.295 1.008 "versicolor"
31 6.593 2.902 4.595 1.294 "versicolor"
31 5.194 2.707 3.897 1.41 "versicolor"
31 4.998 1.994 3.496 0.995 "versicolor"
31 5.892 2.989 4.201 1.505 "versicolor"
31 5.998 2.21 3.999 1.009 "versicolor"
31 6.111 2.899 4.69 1.427 "versicolor"
31 5.596 2.906 3.604 1.304 "versicolor"
31 6.723 3.103 4.406 1.403 "versicolor"
31 5.589 2.986 4.503 1.484 "versicolor"
31 5.792 2.703 4.099 0.998 "versicolor"
31 6.181 2.207 4.502 1.502 "versicolor"
31 5.594 2.512 3.903 1.098 "versicolor"
31 5.89 3.19 4.822 1.797 "versicolor"
31 6.096 2.786 3.996 1.319 "versicolor"
31 6.3 2.502 4.888 1.499 "versicolor"
31 6.084 2.809 4.704 1.197 "versicolor"
31 6.385 2.894 4.306 1.316 "versicolor"
31 6.599 3.014 4.4 1.41 "versicolor"
31 6.802 2.805 4.807 1.408 "versicolor"
31 6.707 2.988 5.008 1.698 "versicolor"
31 6.012 2.893 4.498 1.49 "versicolor"
31 5.69 2.594 3.511 0.997 "versicolor"
31 5.513 2.407 3.796 1.11 "versicolor"
31 5.498 2.4 3.711 0.989 "versicolor"
31 5.806 2.696 3.892 1.206 "versicolor"
31 6.012 2.704 5.105 1.615 "versicolor"
31 5.412 3.011 4.516 1.496 "versicolor"
31 6.01 3.409 4.501 1.591 "versicolor"
31 6.715 3.092 4.703 1.508 "versicolor"
31 6.295 2.285 4.399 1.298 "versicolor"
31 5.615 3.011 4.103 1.296 "versicolor"
31 5.498 2.504 4.01 1.286 "versicolor"
31 5.486 2.6 4.397 1.194 "versicolor"
31 6.095 3.012 4.574 1.419 "versicolor"
31 5.819 2.61 3.998 1.18 "versicolor"
31 5.003 2.291 3.29 1.015 "versicolor"
31 5.598 2.685 4.172 1.307 "versicolor"
31 5.71 3 4.194 1.2 "versicolor"
31 5.7 2.885 4.188 1.301 "versicolor"
31 6.197 2.902 4.32 1.32 "versicolor"
31 5.1 2.485 3.012 1.082 "versicolor"
31 5.686 2.803 4.105 1.297 "versicolor"
31 6.296 3.31 5.99 2.492 "virginica"
31 5.791 2.682 5.095 1.902 "virginica"
31 7.1 3.011 5.906 2.1 "virginica"
31 6.302 2.909 5.594 1.816 "virginica"
31 6.514 2.986 5.809 2.213 "virginica"
31 7.585 3 6.617 2.085 "virginica"
31 4.911 2.514 4.509 1.69 "virginica"
31 7.309 2.899 6.302 1.791 "virginica"
31 6.695 2.494 5.803 1.815 "virginica"
31 7.204 3.626 6.096 2.498 "virginica"
31 6.503 3.217 5.113 2.006 "virginica"
31 6.39 2.688 5.281 1.904 "virginica"
31 6.802 3.008 5.493 2.092 "virginica"
31 5.709 2.517 5.015 2 "virginica"
31 5.794 2.804 5.101 2.404 "virginica"
31 6.41 3.203 5.305 2.301 "virginica"
31 6.497 3.013 5.497 1.805 "virginica"
31 7.699 3.801 6.698 2.194 "virginica"
31 7.708 2.598 6.912 2.294 "virginica"
31 6.006 2.187 5.005 1.499 "virginica"
31 6.898 3.188 5.702 2.307 "virginica"
31 5.599 2.816 4.895 1.987 "virginica"
31 7.716 2.801 6.694 1.983 "virginica"
31 6.293 2.712 4.894 1.8 "virginica"
31 6.709 3.299 5.692 2.097 "virginica"
31 7.186 3.19 6.011 1.808 "virginica"
31 6.185 2.794 4.803 1.795 "virginica"
31 6.104 2.986 4.881 1.794 "virginica"
31 6.394 2.802 5.592 2.113 "virginica"
31 7.195 3 5.802 1.597 "virginica"
31 7.395 2.801 6.099 1.897 "virginica"
31 7.928 3.8 6.405 1.998 "virginica"
31 6.397 2.806 5.609 2.198 "virginica"
31 6.273 2.777 5.11 1.499 "virginica"
31 6.094 2.599 5.596 1.396 "virginica"
31 7.703 3.015 6.089 2.305 "virginica"
31 6.293 3.404 5.61 2.405 "virginica"
31 6.394 3.086 5.509 1.799 "virginica"
31 6 2.999 4.814 1.787 "virginica"
31 6.895 3.082 5.422 2.09 "virginica"
31 6.719 3.091 5.614 2.393 "virginica"
31 6.892 3.085 5.089 2.292 "virginica"
31 5.786 2.706 5.101 1.894 "virginica"
31 6.791 3.191 5.896 2.307 "virginica"
31 6.703 3.287 5.695 2.507 "virginica"
31 6.687 2.997 5.194 2.284 "virginica"
31 6.311 2.491 4.99 1.895 "virginica"
31 6.495 2.999 5.196 1.994 "virginica"
31 6.194 3.395 5.398 2.307 "virginica"
31 5.911 2.994 5.079 1.799 "virginica"
