5 5.1 3.501 1.378 0.204 "setosa"
5 4.9 2.998 1.394 0.193 "setosa"
5 4.679 3.204 1.289 0.193 "setosa"
5 4.611 3.097 1.509 0.208 "setosa"
5 5.018 3.592 1.41 0.196 "setosa"
5 5.401 3.905 1.7 0.393 "setosa"
5 4.609 3.411 1.407 0.31 "setosa"
5 4.999 3.402 1.471 0.207 "setosa"
5 4.395 2.889 1.395 0.187 "setosa"
5 4.909 3.094 1.501 0.11 "setosa"
5 5.401 3.688 1.478 0.2 "setosa"
5 4.809 3.387 1.619 0.2 "setosa"
5 4.794 3.01 1.404 0.092 "setosa"
5 4.301 2.998 1.104 0.081 "setosa"
5 5.816 3.991 1.183 0.203 "setosa"
5 5.697 4.393 1.501 0.416 "setosa"
5 5.405 3.917 1.304 0.415 "setosa"
5 5.115 3.506 1.38 0.304 "setosa"
5 5.717 3.783 1.694 0.298 "setosa"
5 5.09 3.799 1.503 0.296 "setosa"
5 5.39 3.384 1.691 0.203 "setosa"
5 5.094 3.704 1.505 0.388 "setosa"
5 4.597 3.603 1.014 0.206 "setosa"
5 5.107 3.306 1.691 0.493 "setosa"
5 4.803 3.4 1.904 0.223 "setosa"
5 5.013 2.983 1.604 0.191 "setosa"
5 4.989 3.398 1.589 0.397 "setosa"
5 5.191 3.511 1.489 0.199 "setosa"
5 5.189 3.414 1.415 0.209 "setosa"
5 4.68 3.191 1.585 0.209 "setosa"
5 4.799 3.109 1.609 0.183 "setosa"
5 5.403 3.404 1.503 0.399 "setosa"
5 5.208 4.106 1.493 0.086 "setosa"
5 5.499 4.19 1.403 0.197 "setosa"
5 4.89 3.086 1.496 0.195 "setosa"
5 4.987 3.186 1.196 0.187 "setosa"
5 5.51 3.495 1.296 0.199 "setosa"
5 4.907 3.595 1.403 0.096 "setosa"
5 4.398 2.993 1.302 0.201 "setosa"
5 5.086 3.411 1.5 0.189 "setosa"
5 5.011 3.497 1.295 0.31 "setosa"
5 4.5 2.303 1.313 0.294 "setosa"
5 4.399 3.201 1.292 0.21 "setosa"
5 5.005 3.504 1.59 0.588 "setosa"
5 5.095 3.793 1.892 0.385 "setosa"
5 4.827 3.007 1.378 0.312 "setosa"
5 5.088 3.799 1.592 0.195 "setosa"
5 4.593 3.21 1.421 0.21 "setosa"
5 5.301 3.713 1.495 0.218 "setosa"
5 4.995 3.3 1.404 0.193 "setosa"
5 7.016 3.194 4.696 1.393 "versicolor"
5 6.407 3.195 4.501 1.514 "versicolor"
5 6.891 3.095 4.902 1.492 "versicolor"
5 5.503 2.302 3.984 1.296 "versicolor"
5 6.496 2.789 4.604 1.512 "versicolor"
5 5.686 2.796 4.503 1.301 "versicolor"
5 6.299 3.292 4.717 1.601 "versicolor"
5 4.904 2.383 3.295 1.016 "versicolor"
5 6.6 2.915 4.599 1.307 "versicolor"
5 5.188 2.688 3.893 1.411 "versicolor"
5 5.019 1.999 3.506 1.001 "versicolor"
5 5.911 3.006 4.215 1.507 "versicolor"
5 6.009 2.206 3.986 1.005 "versicolor"
5 6.09 2.888 4.702 1.391 "versicolor"
5 5.611 2.905 3.589 1.287 "versicolor"
5 6.689 3.123 4.402 1.392 "versicolor"
5 5.605 3.024 4.524 1.486 "versicolor"
5 5.802 2.704 4.113 0.997 "versicolor"
5 6.203 2.212 4.499 1.513 "versicolor"
5 5.608 2.497 3.925 1.102 "versicolor"
5 5.908 3.187 4.792 1.8 "versicolor"
5 6.096 2.807 4.005 1.307 "versicolor"
5 6.292 2.502 4.91 1.494 "versicolor"
5 6.11 2.803 4.684 1.212 "versicolor"
5 6.416 2.923 4.301 1.295 "versicolor"
5 6.605 2.993 4.397 1.418 "versicolor"
5 6.81 2.791 4.8 1.396 "versicolor"
5 6.712 3.015 4.996 1.71 "versicolor"
5 5.994 2.914 4.507 1.499 "versicolor"
5 5.69 2.599 3.502 0.992 "versicolor"
5 5.501 2.394 3.79 1.098 "versicolor"
5 5.504 2.417 3.678 1.005 "versicolor"
5 5.786 2.704 3.888 1.186 "versicolor"
5 6.007 2.696 5.1 1.613 "versicolor"
5 5.411 2.998 4.515 1.52 "versicolor"
5 5.989 3.396 4.494 1.599 "versicolor"
5 6.691 3.09 4.705 1.485 "versicolor"
5 6.317 2.303 4.401 1.301 "versicolor"
5 5.605 2.992 4.101 1.3 "versicolor"
5 5.512 2.485 3.991 1.298 "versicolor"
5 5.5 2.586 4.41 1.211 "versicolor"
5 6.09 3.001 4.594 1.401 "versicolor"
5 5.775 2.593 4 1.212 "versicolor"
5 4.995 2.317 3.308 0.997 "versicolor"
5 5.59 2.684 4.2 1.295 "versicolor"
5 5.704 2.987 4.191 1.197 "versicolor"
5 5.703 2.901 4.203 1.297 "versicolor"
5 6.196 2.901 4.297 1.305 "versicolor"
5 5.098 2.497 3.001 1.1 "versicolor"
5 5.711 2.786 4.088 1.307 "versicolor"
5 6.303 3.32 5.996 2.505 "virginica"
5 5.797 2.691 5.091 1.9 "virginica"
5 7.118 3.014 5.905 2.091 "virginica"
5 6.308 2.889 5.589 1.814 "virginica"
5 6.492 2.992 5.804 2.208 "virginica"
5 7.591 3 6.6 2.106 "virginica"
5 4.902 2.495 4.508 1.693 "virginica"
5 7.293 2.903 6.303 1.78 "virginica"
5 6.705 2.524 5.791 1.797 "virginica"
5 7.181 3.599 6.097 2.481 "virginica"
5 6.498 3.217 5.099 2.002 "virginica"
5 6.39 2.682 5.294 1.901 "virginica"
5 6.796 2.99 5.502 2.099 "virginica"
5 5.69 2.504 5.006 2.007 "virginica"
5 5.817 2.814 5.099 2.386 "virginica"
5 6.393 3.221 5.311 2.29 "virginica"
5 6.51 2.999 5.503 1.797 "virginica"
5 7.703 3.808 6.69 2.188 "virginica"
5 7.704 2.604 6.888 2.299 "virginica"
5 6.005 2.197 4.981 1.486 "virginica"
5 6.885 3.205 5.695 2.3 "virginica"
5 5.61 2.794 4.896 1.999 "virginica"
5 7.711 2.791 6.706 1.972 "virginica"
5 6.289 2.715 4.896 1.777 "virginica"
5 6.703 3.315 5.703 2.091 "virginica"
5 7.219 3.197 5.976 1.792 "virginica"
5 6.197 2.808 4.793 1.792 "virginica"
5 6.107 3.011 4.915 1.813 "virginica"
5 6.409 2.789 5.587 2.107 "virginica"
5 7.199 2.998 5.791 1.593 "virginica"
5 7.417 2.815 6.107 1.916 "virginica"
5 7.881 3.805 6.388 2.022 "virginica"
5 6.399 2.795 5.604 2.207 "virginica"
5 6.298 2.792 5.086 1.53 "virginica"
5 6.094 2.595 5.6 1.393 "virginica"
5 7.71 2.987 6.108 2.296 "virginica"
5 6.287 3.394 5.591 2.405 "virginica"
5 6.399 3.099 5.512 1.809 "virginica"
5 6.004 2.988 4.796 1.798 "virginica"
5 6.893 3.095 5.409 2.093 "virginica"
5 6.717 3.094 5.625 2.389 "virginica"
5 6.886 3.095 5.115 2.298 "virginica"
5 5.808 2.697 5.105 1.899 "virginica"
5 6.788 3.203 5.9 2.306 "virginica"
5 6.704 3.322 5.708 2.511 "virginica"
5 6.699 2.985 5.179 2.288 "virginica"
5 6.315 2.489 4.994 1.905 "virginica"
5 6.507 3.006 5.215 2.004 "virginica"
5 6.201 3.389 5.416 2.303 "virginica"
5 5.906 3.007 5.105 1.798 "virginica"
