69 5.113 3.477 1.41 0.219 "setosa"
69 4.895 2.995 1.386 0.202 "setosa"
69 4.709 3.196 1.301 0.209 "setosa"
69 4.573 3.091 1.491 0.188 "setosa"
69 5.015 3.6 1.403 0.185 "setosa"
69 5.39 3.907 1.702 0.4 "setosa"
69 4.598 3.374 1.398 0.303 "setosa"
69 4.99 3.417 1.497 0.193 "setosa"
69 4.407 2.907 1.41 0.188 "setosa"
69 4.903 3.091 1.505 0.108 "setosa"
69 5.394 3.691 1.509 0.203 "setosa"
69 4.816 3.404 1.61 0.184 "setosa"
69 4.813 2.992 1.404 0.111 "setosa"
69 4.313 2.995 1.112 0.101 "setosa"
69 5.794 4.012 1.212 0.203 "setosa"
69 5.711 4.409 1.501 0.394 "setosa"
69 5.408 3.885 1.289 0.399 "setosa"
69 5.111 3.495 1.394 0.303 "setosa"
69 5.685 3.799 1.704 0.299 "setosa"
69 5.085 3.791 1.492 0.303 "setosa"
69 5.4 3.384 1.7 0.207 "setosa"
69 5.092 3.713 1.508 0.407 "setosa"
69 4.606 3.608 1 0.198 "setosa"
69 5.097 3.309 1.699 0.511 "setosa"
69 4.82 3.389 1.883 0.196 "setosa"
69 5.01 3.002 1.603 0.194 "setosa"
69 4.989 3.404 1.597 0.409 "setosa"
69 5.198 3.51 1.499 0.199 "setosa"
69 5.204 3.393 1.394 0.199 "setosa"
69 4.711 3.206 1.613 0.224 "setosa"
69 4.796 3.112 1.587 0.194 "setosa"
69 5.412 3.404 1.494 0.411 "setosa"
69 5.204 4.108 1.5 0.088 "setosa"
69 5.501 4.198 1.394 0.202 "setosa"
69 4.905 3.09 1.501 0.199 "setosa"
69 5.001 3.204 1.203 0.19 "setosa"
69 5.504 3.5 1.296 0.183 "setosa"
69 4.908 3.595 1.415 0.095 "setosa"
69 4.394 3.017 1.303 0.212 "setosa"
69 5.099 3.394 1.489 0.202 "setosa"
69 5.008 3.501 1.29 0.305 "setosa"
69 4.498 2.302 1.31 0.291 "setosa"
69 4.409 3.189 1.317 0.177 "setosa"
69 4.999 3.492 1.597 0.604 "setosa"
69 5.1 3.783 1.913 0.413 "setosa"
69 4.802 3.001 1.398 0.3 "setosa"
69 5.084 3.803 1.588 0.2 "setosa"
69 4.595 3.191 1.403 0.208 "setosa"
69 5.307 3.673 1.493 0.203 "setosa"
69 5.005 3.298 1.398 0.203 "setosa"
69 6.995 3.186 4.713 1.406 "versicolor"
69 6.405 3.212 4.514 1.489 "versicolor"
69 6.905 3.101 4.896 1.493 "versicolor"
69 5.501 2.303 3.996 1.302 "versicolor"
69 6.501 2.791 4.596 1.511 "versicolor"
69 5.688 2.794 4.491 1.303 "versicolor"
69 6.307 3.309 4.71 1.597 "versicolor"
69 4.893 2.382 3.285 1.006 "versicolor"
69 6.596 2.909 4.583 1.292 "versicolor"
69 5.206 2.7 3.898 1.398 "versicolor"
69 5.012 2.008 3.504 1.014 "versicolor"
69 5.903 3.004 4.185 1.505 "versicolor"
69 5.997 2.191 3.994 1.013 "versicolor"
69 6.089 2.901 4.705 1.399 "versicolor"
69 5.613 2.907 3.6 1.31 "versicolor"
69 6.697 3.103 4.404 1.41 "versicolor"
69 5.603 2.99 4.494 1.497 "versicolor"
69 5.822 2.696 4.093 1.028 "versicolor"
69 6.185 2.204 4.502 1.489 "versicolor"
69 5.596 2.507 3.907 1.084 "versicolor"
69 5.893 3.205 4.79 1.789 "versicolor"
69 6.098 2.797 4.001 1.287 "versicolor"
69 6.303 2.503 4.906 1.501 "versicolor"
69 6.116 2.812 4.718 1.205 "versicolor"
69 6.399 2.904 4.31 1.301 "versicolor"
69 6.616 3.005 4.4 1.401 "versicolor"
69 6.809 2.801 4.809 1.406 "versicolor"
69 6.691 3.004 5.008 1.709 "versicolor"
69 6.004 2.904 4.5 1.495 "versicolor"
69 5.687 2.601 3.492 1.015 "versicolor"
69 5.507 2.384 3.773 1.096 "versicolor"
69 5.499 2.416 3.698 1.007 "versicolor"
69 5.791 2.692 3.905 1.201 "versicolor"
69 5.992 2.714 5.105 1.601 "versicolor"
69 5.394 2.985 4.498 1.52 "versicolor"
69 6.001 3.406 4.501 1.607 "versicolor"
69 6.702 3.104 4.696 1.473 "versicolor"
69 6.294 2.31 4.41 1.282 "versicolor"
69 5.61 3.004 4.1 1.309 "versicolor"
69 5.506 2.498 4.004 1.301 "versicolor"
69 5.499 2.612 4.404 1.191 "versicolor"
69 6.105 3.001 4.597 1.393 "versicolor"
69 5.789 2.603 3.991 1.2 "versicolor"
69 4.989 2.306 3.298 1.002 "versicolor"
69 5.602 2.711 4.199 1.302 "versicolor"
69 5.715 3.002 4.213 1.183 "versicolor"
69 5.699 2.894 4.201 1.293 "versicolor"
69 6.199 2.905 4.294 1.296 "versicolor"
69 5.107 2.52 2.997 1.099 "versicolor"
69 5.706 2.799 4.094 1.306 "versicolor"
69 6.288 3.303 5.997 2.489 "virginica"
69 5.801 2.7 5.104 1.914 "virginica"
69 7.115 3.007 5.894 2.094 "virginica"
69 6.296 2.904 5.607 1.815 "virginica"
69 6.501 2.988 5.794 2.198 "virginica"
69 7.6 3.005 6.605 2.101 "virginica"
69 4.898 2.495 4.511 1.685 "virginica"
69 7.293 2.901 6.313 1.8 "virginica"
69 6.706 2.489 5.826 1.796 "virginica"
69 7.203 3.592 6.08 2.516 "virginica"
69 6.484 3.205 5.097 1.989 "virginica"
69 6.387 2.696 5.308 1.91 "virginica"
69 6.795 3.001 5.516 2.107 "virginica"
69 5.721 2.511 4.996 2.007 "virginica"
69 5.8 2.776 5.103 2.415 "virginica"
69 6.391 3.199 5.309 2.307 "virginica"
69 6.501 3.001 5.492 1.795 "virginica"
69 7.704 3.801 6.683 2.205 "virginica"
69 7.7 2.609 6.904 2.289 "virginica"
69 6.005 2.193 4.998 1.487 "virginica"
69 6.901 3.199 5.707 2.283 "virginica"
69 5.61 2.792 4.899 1.995 "virginica"
69 7.694 2.793 6.683 1.997 "virginica"
69 6.283 2.72 4.91 1.798 "virginica"
69 6.703 3.302 5.694 2.091 "virginica"
69 7.197 3.18 6.002 1.792 "virginica"
69 6.201 2.798 4.805 1.807 "virginica"
69 6.095 2.993 4.873 1.809 "virginica"
69 6.412 2.785 5.601 2.092 "virginica"
69 7.191 3.009 5.803 1.609 "virginica"
69 7.385 2.799 6.117 1.898 "virginica"
69 7.902 3.8 6.392 1.999 "virginica"
69 6.399 2.799 5.604 2.205 "virginica"
69 6.292 2.813 5.104 1.501 "virginica"
69 6.094 2.594 5.601 1.415 "virginica"
69 7.694 3.006 6.108 2.289 "virginica"
69 6.288 3.423 5.594 2.404 "virginica"
69 6.404 3.098 5.492 1.806 "virginica"
69 5.995 2.987 4.78 1.8 "virginica"
69 6.889 3.101 5.403 2.089 "virginica"
69 6.717 3.095 5.613 2.399 "virginica"
69 6.881 3.105 5.092 2.298 "virginica"
69 5.786 2.7 5.115 1.899 "virginica"
69 6.817 3.218 5.912 2.295 "virginica"
69 6.691 3.297 5.69 2.493 "virginica"
69 6.678 3.004 5.211 2.341 "virginica"
69 6.307 2.49 5.018 1.899 "virginica"
69 6.518 3 5.184 2.001 "virginica"
69 6.206 3.39 5.387 2.292 "virginica"
69 5.881 3.002 5.099 1.79 "virginica"
