81 5.104 3.516 1.4 0.203 "setosa"
81 4.884 3.005 1.401 0.209 "setosa"
81 4.71 3.213 1.308 0.207 "setosa"
81 4.595 3.111 1.497 0.196 "setosa"
81 5.006 3.597 1.407 0.205 "setosa"
81 5.418 3.899 1.699 0.41 "setosa"
81 4.601 3.424 1.419 0.3 "setosa"
81 5.019 3.403 1.491 0.205 "setosa"
81 4.39 2.899 1.394 0.189 "setosa"
81 4.901 3.093 1.501 0.103 "setosa"
81 5.403 3.703 1.486 0.196 "setosa"
81 4.803 3.385 1.594 0.194 "setosa"
81 4.805 3.003 1.394 0.112 "setosa"
81 4.295 3.011 1.096 0.113 "setosa"
81 5.802 4.019 1.204 0.198 "setosa"
81 5.698 4.381 1.476 0.4 "setosa"
81 5.4 3.904 1.306 0.39 "setosa"
81 5.093 3.5 1.403 0.305 "setosa"
81 5.702 3.826 1.713 0.3 "setosa"
81 5.113 3.789 1.512 0.307 "setosa"
81 5.405 3.4 1.699 0.196 "setosa"
81 5.1 3.695 1.503 0.384 "setosa"
81 4.59 3.603 1.016 0.225 "setosa"
81 5.083 3.295 1.707 0.493 "setosa"
81 4.798 3.391 1.905 0.216 "setosa"
81 4.993 3.009 1.594 0.191 "setosa"
81 5.006 3.403 1.608 0.403 "setosa"
81 5.2 3.511 1.507 0.202 "setosa"
81 5.192 3.401 1.383 0.209 "setosa"
81 4.69 3.181 1.587 0.197 "setosa"
81 4.793 3.101 1.595 0.215 "setosa"
81 5.413 3.39 1.481 0.39 "setosa"
81 5.21 4.101 1.492 0.114 "setosa"
81 5.492 4.187 1.388 0.223 "setosa"
81 4.907 3.126 1.515 0.2 "setosa"
81 4.993 3.211 1.181 0.199 "setosa"
81 5.494 3.497 1.299 0.21 "setosa"
81 4.897 3.588 1.393 0.101 "setosa"
81 4.404 3.008 1.302 0.197 "setosa"
81 5.111 3.389 1.517 0.213 "setosa"
81 5.012 3.516 1.282 0.288 "setosa"
81 4.491 2.313 1.303 0.312 "setosa"
81 4.4 3.196 1.29 0.203 "setosa"
81 5.021 3.487 1.606 0.594 "setosa"
81 5.081 3.79 1.892 0.392 "setosa"
81 4.797 3.01 1.392 0.306 "setosa"
81 5.095 3.808 1.603 0.215 "setosa"
81 4.618 3.204 1.41 0.197 "setosa"
81 5.313 3.697 1.504 0.192 "setosa"
81 5.001 3.326 1.399 0.205 "setosa"
81 7 3.192 4.698 1.401 "versicolor"
81 6.394 3.207 4.498 1.509 "versicolor"
81 6.911 3.115 4.907 1.505 "versicolor"
81 5.494 2.302 3.984 1.298 "versicolor"
81 6.502 2.789 4.597 1.508 "versicolor"
81 5.714 2.797 4.505 1.296 "versicolor"
81 6.285 3.286 4.706 1.59 "versicolor"
81 4.895 2.4 3.303 1.001 "versicolor"
81 6.593 2.907 4.602 1.298 "versicolor"
81 5.191 2.673 3.907 1.397 "versicolor"
81 4.988 1.992 3.518 0.985 "versicolor"
81 5.892 2.999 4.195 1.493 "versicolor"
81 5.991 2.193 4.008 0.984 "versicolor"
81 6.094 2.888 4.708 1.407 "versicolor"
81 5.602 2.905 3.602 1.306 "versicolor"
81 6.685 3.107 4.407 1.396 "versicolor"
81 5.594 2.997 4.51 1.483 "versicolor"
81 5.808 2.689 4.094 1.004 "versicolor"
81 6.211 2.203 4.506 1.499 "versicolor"
81 5.597 2.505 3.913 1.119 "versicolor"
81 5.897 3.201 4.784 1.783 "versicolor"
81 6.102 2.786 4.001 1.307 "versicolor"
81 6.298 2.498 4.899 1.507 "versicolor"
81 6.105 2.812 4.69 1.193 "versicolor"
81 6.408 2.909 4.282 1.3 "versicolor"
81 6.591 3.017 4.389 1.403 "versicolor"
81 6.799 2.783 4.807 1.388 "versicolor"
81 6.701 2.979 4.994 1.69 "versicolor"
81 6.002 2.889 4.5 1.484 "versicolor"
81 5.701 2.608 3.494 1.001 "versicolor"
81 5.504 2.412 3.806 1.098 "versicolor"
81 5.509 2.403 3.697 1.007 "versicolor"
81 5.807 2.711 3.898 1.202 "versicolor"
81 5.988 2.686 5.113 1.6 "versicolor"
81 5.385 3.007 4.501 1.497 "versicolor"
81 5.992 3.399 4.497 1.602 "versicolor"
81 6.705 3.109 4.703 1.499 "versicolor"
81 6.301 2.299 4.391 1.309 "versicolor"
81 5.59 2.997 4.1 1.315 "versicolor"
81 5.494 2.495 3.991 1.296 "versicolor"
81 5.491 2.617 4.399 1.183 "versicolor"
81 6.112 3.01 4.606 1.374 "versicolor"
81 5.802 2.599 4.017 1.198 "versicolor"
81 5.007 2.288 3.296 1.004 "versicolor"
81 5.592 2.701 4.188 1.306 "versicolor"
81 5.697 3.022 4.192 1.212 "versicolor"
81 5.7 2.918 4.193 1.283 "versicolor"
81 6.195 2.904 4.308 1.302 "versicolor"
81 5.115 2.491 3.015 1.106 "versicolor"
81 5.711 2.798 4.088 1.294 "versicolor"
81 6.302 3.291 5.99 2.515 "virginica"
81 5.778 2.696 5.083 1.865 "virginica"
81 7.094 2.995 5.897 2.096 "virginica"
81 6.293 2.889 5.587 1.802 "virginica"
81 6.492 3.002 5.795 2.189 "virginica"
81 7.588 2.992 6.579 2.123 "virginica"
81 4.908 2.494 4.507 1.707 "virginica"
81 7.291 2.904 6.292 1.806 "virginica"
81 6.707 2.502 5.802 1.805 "virginica"
81 7.195 3.591 6.087 2.496 "virginica"
81 6.501 3.189 5.096 1.99 "virginica"
81 6.401 2.705 5.289 1.885 "virginica"
81 6.803 3.005 5.517 2.099 "virginica"
81 5.709 2.504 5.021 1.996 "virginica"
81 5.808 2.797 5.079 2.393 "virginica"
81 6.401 3.21 5.291 2.305 "virginica"
81 6.493 2.992 5.512 1.799 "virginica"
81 7.701 3.804 6.688 2.198 "virginica"
81 7.687 2.585 6.903 2.291 "virginica"
81 5.98 2.196 4.997 1.515 "virginica"
81 6.915 3.203 5.69 2.301 "virginica"
81 5.607 2.805 4.904 2.015 "virginica"
81 7.709 2.789 6.716 2.013 "virginica"
81 6.305 2.698 4.892 1.807 "virginica"
81 6.695 3.308 5.71 2.103 "virginica"
81 7.217 3.186 5.997 1.788 "virginica"
81 6.2 2.828 4.814 1.793 "virginica"
81 6.115 3 4.901 1.786 "virginica"
81 6.398 2.829 5.603 2.105 "virginica"
81 7.192 2.989 5.808 1.619 "virginica"
81 7.404 2.797 6.104 1.9 "virginica"
81 7.907 3.781 6.394 1.996 "virginica"
81 6.397 2.8 5.606 2.193 "virginica"
81 6.291 2.809 5.111 1.494 "virginica"
81 6.104 2.585 5.585 1.387 "virginica"
81 7.701 2.999 6.103 2.313 "virginica"
81 6.3 3.414 5.587 2.395 "virginica"
81 6.394 3.09 5.498 1.781 "virginica"
81 5.994 3.001 4.819 1.79 "virginica"
81 6.91 3.075 5.409 2.106 "virginica"
81 6.682 3.111 5.611 2.411 "virginica"
81 6.901 3.099 5.101 2.312 "virginica"
81 5.808 2.705 5.116 1.896 "virginica"
81 6.809 3.212 5.9 2.286 "virginica"
81 6.683 3.292 5.706 2.497 "virginica"
81 6.701 2.998 5.208 2.299 "virginica"
81 6.298 2.51 5.002 1.897 "virginica"
81 6.5 2.998 5.202 1.997 "virginica"
81 6.209 3.389 5.413 2.298 "virginica"
81 5.918 3.011 5.094 1.795 "virginica"
