20 5.083 3.501 1.401 0.201 "setosa"
20 4.903 2.983 1.395 0.193 "setosa"
20 4.686 3.208 1.326 0.186 "setosa"
20 4.596 3.107 1.506 0.215 "setosa"
20 4.999 3.6 1.408 0.215 "setosa"
20 5.409 3.91 1.71 0.393 "setosa"
20 4.611 3.404 1.397 0.3 "setosa"
20 5 3.399 1.496 0.193 "setosa"
20 4.397 2.913 1.407 0.211 "setosa"
20 4.896 3.093 1.486 0.1 "setosa"
20 5.396 3.682 1.484 0.196 "setosa"
20 4.791 3.406 1.61 0.201 "setosa"
20 4.81 3.009 1.388 0.107 "setosa"
20 4.317 3.002 1.102 0.075 "setosa"
20 5.796 4.004 1.182 0.206 "setosa"
20 5.696 4.424 1.505 0.396 "setosa"
20 5.421 3.901 1.299 0.406 "setosa"
20 5.092 3.493 1.403 0.293 "setosa"
20 5.675 3.788 1.686 0.292 "setosa"
20 5.077 3.805 1.486 0.28 "setosa"
20 5.397 3.386 1.689 0.19 "setosa"
20 5.101 3.692 1.505 0.411 "setosa"
20 4.591 3.608 0.995 0.198 "setosa"
20 5.102 3.321 1.697 0.495 "setosa"
20 4.792 3.414 1.898 0.203 "setosa"
20 4.996 2.993 1.587 0.189 "setosa"
20 4.985 3.411 1.605 0.394 "setosa"
20 5.2 3.512 1.503 0.201 "setosa"
20 5.201 3.402 1.404 0.189 "setosa"
20 4.693 3.19 1.618 0.204 "setosa"
20 4.791 3.111 1.609 0.179 "setosa"
20 5.411 3.404 1.494 0.39 "setosa"
20 5.201 4.071 1.48 0.102 "setosa"
20 5.481 4.205 1.416 0.195 "setosa"
20 4.893 3.111 1.525 0.207 "setosa"
20 4.992 3.198 1.202 0.188 "setosa"
20 5.505 3.504 1.287 0.199 "setosa"
20 4.882 3.613 1.38 0.117 "setosa"
20 4.394 3.005 1.301 0.198 "setosa"
20 5.102 3.403 1.49 0.195 "setosa"
20 5.002 3.505 1.3 0.298 "setosa"
20 4.512 2.303 1.296 0.301 "setosa"
20 4.407 3.231 1.296 0.201 "setosa"
20 4.997 3.511 1.598 0.61 "setosa"
20 5.102 3.809 1.895 0.404 "setosa"
20 4.796 3.009 1.407 0.305 "setosa"
20 5.103 3.807 1.599 0.201 "setosa"
20 4.599 3.193 1.405 0.205 "setosa"
20 5.302 3.714 1.495 0.205 "setosa"
20 4.993 3.294 1.387 0.216 "setosa"
20 6.987 3.2 4.694 1.402 "versicolor"
20 6.385 3.208 4.519 1.508 "versicolor"
20 6.888 3.101 4.906 1.513 "versicolor"
20 5.478 2.282 3.989 1.298 "versicolor"
20 6.505 2.793 4.608 1.508 "versicolor"
20 5.702 2.797 4.489 1.304 "versicolor"
20 6.312 3.313 4.693 1.591 "versicolor"
20 4.908 2.395 3.297 1.014 "versicolor"
20 6.61 2.901 4.581 1.293 "versicolor"
20 5.211 2.704 3.892 1.424 "versicolor"
20 4.998 2.007 3.502 1.007 "versicolor"
20 5.904 2.985 4.214 1.497 "versicolor"
20 5.989 2.19 4.004 1.014 "versicolor"
20 6.098 2.898 4.692 1.399 "versicolor"
20 5.606 2.902 3.604 1.306 "versicolor"
20 6.7 3.106 4.397 1.393 "versicolor"
20 5.599 2.991 4.521 1.499 "versicolor"
20 5.8 2.71 4.1 1.003 "versicolor"
20 6.193 2.186 4.505 1.501 "versicolor"
20 5.604 2.504 3.9 1.091 "versicolor"
20 5.904 3.209 4.807 1.824 "versicolor"
20 6.105 2.802 3.995 1.288 "versicolor"
20 6.304 2.483 4.893 1.507 "versicolor"
20 6.107 2.801 4.693 1.202 "versicolor"
20 6.415 2.902 4.301 1.302 "versicolor"
20 6.614 2.987 4.385 1.388 "versicolor"
20 6.786 2.809 4.796 1.401 "versicolor"
20 6.697 3.005 5.003 1.707 "versicolor"
20 6.011 2.902 4.501 1.499 "versicolor"
20 5.694 2.591 3.513 1.012 "versicolor"
20 5.49 2.402 3.805 1.104 "versicolor"
20 5.502 2.391 3.713 0.992 "versicolor"
20 5.788 2.712 3.907 1.199 "versicolor"
20 6.011 2.696 5.086 1.606 "versicolor"
20 5.394 2.996 4.499 1.497 "versicolor"
20 6.003 3.4 4.493 1.58 "versicolor"
20 6.691 3.098 4.703 1.486 "versicolor"
20 6.295 2.286 4.402 1.315 "versicolor"
20 5.59 2.999 4.098 1.315 "versicolor"
20 5.488 2.505 4.006 1.3 "versicolor"
20 5.5 2.595 4.399 1.214 "versicolor"
20 6.082 2.995 4.605 1.378 "versicolor"
20 5.81 2.587 4.004 1.184 "versicolor"
20 5.006 2.301 3.296 1.011 "versicolor"
20 5.607 2.692 4.19 1.305 "versicolor"
20 5.709 2.999 4.204 1.2 "versicolor"
20 5.69 2.9 4.195 1.3 "versicolor"
20 6.202 2.913 4.299 1.319 "versicolor"
20 5.085 2.486 3.005 1.116 "versicolor"
20 5.681 2.792 4.087 1.29 "versicolor"
20 6.3 3.301 6.009 2.483 "virginica"
20 5.804 2.715 5.111 1.899 "virginica"
20 7.097 3 5.882 2.088 "virginica"
20 6.298 2.89 5.585 1.805 "virginica"
20 6.511 2.992 5.807 2.199 "virginica"
20 7.611 3.005 6.61 2.113 "virginica"
20 4.898 2.501 4.497 1.71 "virginica"
20 7.296 2.906 6.311 1.802 "virginica"
20 6.684 2.496 5.791 1.803 "virginica"
20 7.187 3.585 6.097 2.494 "virginica"
20 6.517 3.197 5.097 2.014 "virginica"
20 6.414 2.69 5.311 1.913 "virginica"
20 6.806 2.999 5.505 2.087 "virginica"
20 5.682 2.502 5 1.991 "virginica"
20 5.808 2.798 5.107 2.399 "virginica"
20 6.389 3.197 5.303 2.304 "virginica"
20 6.504 2.99 5.487 1.79 "virginica"
20 7.714 3.797 6.7 2.204 "virginica"
20 7.707 2.615 6.9 2.314 "virginica"
20 5.985 2.211 5.006 1.492 "virginica"
20 6.898 3.182 5.698 2.295 "virginica"
20 5.608 2.793 4.894 2.007 "virginica"
20 7.713 2.816 6.685 2.009 "virginica"
20 6.309 2.711 4.909 1.807 "virginica"
20 6.715 3.305 5.705 2.096 "virginica"
20 7.189 3.204 6.012 1.815 "virginica"
20 6.199 2.818 4.778 1.796 "virginica"
20 6.114 2.998 4.904 1.799 "virginica"
20 6.417 2.799 5.6 2.106 "virginica"
20 7.207 2.995 5.823 1.579 "virginica"
20 7.402 2.798 6.106 1.893 "virginica"
20 7.925 3.805 6.4 1.988 "virginica"
20 6.399 2.789 5.61 2.204 "virginica"
20 6.286 2.798 5.116 1.506 "virginica"
20 6.114 2.587 5.6 1.388 "virginica"
20 7.704 2.987 6.101 2.302 "virginica"
20 6.299 3.411 5.591 2.419 "virginica"
20 6.402 3.095 5.515 1.79 "virginica"
20 6.006 3.013 4.778 1.791 "virginica"
20 6.902 3.104 5.4 2.097 "virginica"
20 6.7 3.076 5.606 2.405 "virginica"
20 6.892 3.11 5.109 2.297 "virginica"
20 5.788 2.7 5.102 1.917 "virginica"
20 6.774 3.192 5.912 2.3 "virginica"
20 6.702 3.313 5.709 2.503 "virginica"
20 6.707 2.996 5.209 2.315 "virginica"
20 6.31 2.489 5.005 1.9 "virginica"
20 6.504 2.995 5.18 1.993 "virginica"
20 6.199 3.381 5.4 2.312 "virginica"
20 5.906 2.99 5.114 1.81 "virginica"
