98 5.091 3.499 1.4 0.209 "setosa"
98 4.895 3.011 1.395 0.214 "setosa"
98 4.711 3.2 1.29 0.186 "setosa"
98 4.604 3.103 1.512 0.208 "setosa"
98 5.011 3.589 1.394 0.209 "setosa"
98 5.404 3.907 1.703 0.42 "setosa"
98 4.611 3.408 1.392 0.322 "setosa"
98 4.991 3.398 1.49 0.196 "setosa"
98 4.402 2.87 1.4 0.182 "setosa"
98 4.908 3.118 1.508 0.104 "setosa"
98 5.39 3.703 1.501 0.198 "setosa"
98 4.815 3.396 1.607 0.192 "setosa"
98 4.816 3.023 1.409 0.087 "setosa"
98 4.308 2.98 1.108 0.09 "setosa"
98 5.796 4.003 1.201 0.189 "setosa"
98 5.7 4.415 1.492 0.415 "setosa"
98 5.414 3.913 1.302 0.416 "setosa"
98 5.101 3.499 1.401 0.294 "setosa"
98 5.697 3.788 1.692 0.31 "setosa"
98 5.096 3.791 1.513 0.3 "setosa"
98 5.397 3.406 1.697 0.213 "setosa"
98 5.1 3.699 1.501 0.398 "setosa"
98 4.61 3.603 1.005 0.198 "setosa"
98 5.098 3.307 1.684 0.487 "setosa"
98 4.792 3.4 1.897 0.187 "setosa"
98 5 2.993 1.615 0.207 "setosa"
98 4.984 3.399 1.591 0.409 "setosa"
98 5.194 3.505 1.497 0.192 "setosa"
98 5.211 3.398 1.41 0.212 "setosa"
98 4.702 3.201 1.592 0.201 "setosa"
98 4.811 3.093 1.585 0.187 "setosa"
98 5.407 3.408 1.51 0.405 "setosa"
98 5.187 4.09 1.513 0.087 "setosa"
98 5.505 4.185 1.39 0.218 "setosa"
98 4.887 3.085 1.506 0.182 "setosa"
98 5.011 3.196 1.2 0.206 "setosa"
98 5.504 3.485 1.31 0.192 "setosa"
98 4.899 3.616 1.41 0.105 "setosa"
98 4.392 3.004 1.295 0.196 "setosa"
98 5.096 3.393 1.506 0.205 "setosa"
98 4.994 3.501 1.314 0.282 "setosa"
98 4.516 2.324 1.294 0.284 "setosa"
98 4.402 3.201 1.302 0.188 "setosa"
98 5.002 3.506 1.604 0.609 "setosa"
98 5.083 3.798 1.899 0.414 "setosa"
98 4.798 3.005 1.4 0.314 "setosa"
98 5.099 3.802 1.608 0.203 "setosa"
98 4.594 3.2 1.4 0.199 "setosa"
98 5.296 3.698 1.501 0.207 "setosa"
98 5.018 3.29 1.418 0.182 "setosa"
98 7 3.193 4.7 1.396 "versicolor"
98 6.398 3.203 4.499 1.506 "versicolor"
98 6.927 3.116 4.897 1.496 "versicolor"
98 5.511 2.281 4.006 1.294 "versicolor"
98 6.487 2.81 4.609 1.51 "versicolor"
98 5.702 2.785 4.498 1.312 "versicolor"
98 6.298 3.289 4.708 1.604 "versicolor"
98 4.884 2.4 3.292 0.998 "versicolor"
98 6.603 2.893 4.59 1.308 "versicolor"
98 5.188 2.686 3.899 1.407 "versicolor"
98 4.986 1.992 3.504 1.007 "versicolor"
98 5.892 2.991 4.207 1.493 "versicolor"
98 6.003 2.216 4.004 0.99 "versicolor"
98 6.075 2.918 4.7 1.399 "versicolor"
98 5.625 2.896 3.597 1.299 "versicolor"
98 6.702 3.079 4.407 1.384 "versicolor"
98 5.602 3.006 4.51 1.499 "versicolor"
98 5.783 2.695 4.092 0.99 "versicolor"
98 6.203 2.204 4.504 1.507 "versicolor"
98 5.595 2.516 3.902 1.094 "versicolor"
98 5.892 3.192 4.796 1.801 "versicolor"
98 6.094 2.797 3.997 1.316 "versicolor"
98 6.289 2.499 4.916 1.502 "versicolor"
98 6.107 2.791 4.707 1.209 "versicolor"
98 6.404 2.909 4.304 1.298 "versicolor"
98 6.609 3.018 4.387 1.403 "versicolor"
98 6.798 2.796 4.809 1.4 "versicolor"
98 6.7 2.999 5.018 1.685 "versicolor"
98 5.981 2.911 4.493 1.493 "versicolor"
98 5.684 2.598 3.492 0.991 "versicolor"
98 5.501 2.411 3.815 1.104 "versicolor"
98 5.494 2.401 3.692 0.995 "versicolor"
98 5.793 2.72 3.893 1.195 "versicolor"
98 6.005 2.705 5.098 1.567 "versicolor"
98 5.404 3.013 4.509 1.506 "versicolor"
98 5.984 3.408 4.496 1.597 "versicolor"
98 6.69 3.093 4.702 1.502 "versicolor"
98 6.297 2.29 4.405 1.303 "versicolor"
98 5.627 2.994 4.107 1.311 "versicolor"
98 5.514 2.487 3.992 1.296 "versicolor"
98 5.485 2.597 4.388 1.199 "versicolor"
98 6.099 3.006 4.584 1.404 "versicolor"
98 5.794 2.611 4.005 1.19 "versicolor"
98 5.003 2.313 3.297 0.994 "versicolor"
98 5.581 2.691 4.208 1.3 "versicolor"
98 5.708 2.975 4.198 1.223 "versicolor"
98 5.701 2.898 4.197 1.307 "versicolor"
98 6.188 2.907 4.296 1.313 "versicolor"
98 5.078 2.495 2.987 1.105 "versicolor"
98 5.71 2.798 4.101 1.306 "versicolor"
98 6.297 3.299 6.003 2.512 "virginica"
98 5.824 2.692 5.098 1.898 "virginica"
98 7.091 3.006 5.909 2.095 "virginica"
98 6.297 2.901 5.608 1.805 "virginica"
98 6.477 2.994 5.796 2.21 "virginica"
98 7.592 3.005 6.593 2.099 "virginica"
98 4.905 2.494 4.512 1.699 "virginica"
98 7.283 2.895 6.302 1.8 "virginica"
98 6.706 2.504 5.795 1.804 "virginica"
98 7.203 3.587 6.09 2.51 "virginica"
98 6.525 3.215 5.108 2.003 "virginica"
98 6.391 2.691 5.319 1.896 "virginica"
98 6.778 3.017 5.513 2.097 "virginica"
98 5.675 2.502 5.014 2.003 "virginica"
98 5.796 2.798 5.118 2.377 "virginica"
98 6.4 3.193 5.315 2.304 "virginica"
98 6.512 2.992 5.486 1.81 "virginica"
98 7.681 3.79 6.694 2.19 "virginica"
98 7.688 2.595 6.919 2.309 "virginica"
98 6.016 2.199 4.992 1.501 "virginica"
98 6.87 3.158 5.709 2.298 "virginica"
98 5.614 2.814 4.896 1.988 "virginica"
98 7.702 2.776 6.703 2.014 "virginica"
98 6.306 2.689 4.912 1.798 "virginica"
98 6.7 3.311 5.701 2.114 "virginica"
98 7.197 3.2 5.991 1.801 "virginica"
98 6.211 2.811 4.798 1.799 "virginica"
98 6.087 2.997 4.889 1.803 "virginica"
98 6.391 2.79 5.591 2.108 "virginica"
98 7.2 3.006 5.787 1.568 "virginica"
98 7.408 2.804 6.102 1.884 "virginica"
98 7.919 3.804 6.384 1.983 "virginica"
98 6.409 2.809 5.593 2.216 "virginica"
98 6.297 2.808 5.111 1.507 "virginica"
98 6.09 2.61 5.582 1.399 "virginica"
98 7.697 2.985 6.115 2.312 "virginica"
98 6.296 3.407 5.591 2.379 "virginica"
98 6.41 3.103 5.504 1.796 "virginica"
98 6.011 2.999 4.785 1.809 "virginica"
98 6.899 3.088 5.395 2.088 "virginica"
98 6.706 3.106 5.603 2.407 "virginica"
98 6.914 3.099 5.099 2.302 "virginica"
98 5.788 2.699 5.095 1.881 "virginica"
98 6.803 3.201 5.891 2.294 "virginica"
98 6.692 3.276 5.696 2.507 "virginica"
98 6.699 2.997 5.198 2.296 "virginica"
98 6.307 2.481 5 1.9 "virginica"
98 6.489 3.007 5.215 1.992 "virginica"
98 6.218 3.397 5.414 2.274 "virginica"
98 5.904 3.01 5.098 1.782 "virginica"
