12 5.095 3.5 1.415 0.203 "setosa"
12 4.893 3.009 1.413 0.18 "setosa"
12 4.693 3.189 1.293 0.19 "setosa"
12 4.608 3.093 1.501 0.21 "setosa"
12 4.989 3.603 1.395 0.207 "setosa"
12 5.404 3.893 1.698 0.405 "setosa"
12 4.593 3.398 1.409 0.293 "setosa"
12 5.001 3.382 1.496 0.178 "setosa"
12 4.407 2.891 1.396 0.204 "setosa"
12 4.905 3.115 1.506 0.102 "setosa"
12 5.377 3.698 1.517 0.182 "setosa"
12 4.786 3.403 1.591 0.2 "setosa"
12 4.79 3.016 1.404 0.09 "setosa"
12 4.292 2.991 1.082 0.106 "setosa"
12 5.786 3.996 1.211 0.197 "setosa"
12 5.692 4.396 1.512 0.388 "setosa"
12 5.417 3.908 1.305 0.392 "setosa"
12 5.103 3.513 1.398 0.315 "setosa"
12 5.694 3.802 1.713 0.296 "setosa"
12 5.104 3.805 1.507 0.304 "setosa"
12 5.393 3.39 1.705 0.213 "setosa"
12 5.085 3.682 1.479 0.404 "setosa"
12 4.597 3.592 0.997 0.196 "setosa"
12 5.097 3.31 1.71 0.488 "setosa"
12 4.815 3.409 1.909 0.181 "setosa"
12 5.003 2.997 1.596 0.187 "setosa"
12 4.99 3.389 1.613 0.388 "setosa"
12 5.203 3.504 1.49 0.209 "setosa"
12 5.197 3.411 1.407 0.213 "setosa"
12 4.705 3.18 1.597 0.193 "setosa"
12 4.808 3.109 1.608 0.193 "setosa"
12 5.395 3.401 1.514 0.387 "setosa"
12 5.174 4.105 1.525 0.13 "setosa"
12 5.489 4.184 1.402 0.202 "setosa"
12 4.898 3.123 1.502 0.191 "setosa"
12 4.986 3.189 1.191 0.195 "setosa"
12 5.502 3.494 1.297 0.203 "setosa"
12 4.892 3.604 1.404 0.12 "setosa"
12 4.39 3 1.303 0.182 "setosa"
12 5.1 3.399 1.496 0.219 "setosa"
12 4.996 3.476 1.299 0.307 "setosa"
12 4.498 2.299 1.287 0.289 "setosa"
12 4.396 3.192 1.294 0.19 "setosa"
12 4.994 3.49 1.593 0.593 "setosa"
12 5.109 3.801 1.898 0.412 "setosa"
12 4.791 3.007 1.396 0.308 "setosa"
12 5.087 3.802 1.611 0.184 "setosa"
12 4.597 3.202 1.402 0.213 "setosa"
12 5.314 3.697 1.496 0.195 "setosa"
12 4.992 3.308 1.4 0.204 "setosa"
12 7.016 3.198 4.696 1.39 "versicolor"
12 6.426 3.211 4.51 1.5 "versicolor"
12 6.901 3.105 4.896 1.49 "versicolor"
12 5.494 2.289 4.01 1.307 "versicolor"
12 6.485 2.803 4.596 1.507 "versicolor"
12 5.71 2.797 4.494 1.289 "versicolor"
12 6.304 3.303 4.701 1.601 "versicolor"
12 4.909 2.407 3.303 0.992 "versicolor"
12 6.587 2.9 4.602 1.298 "versicolor"
12 5.202 2.704 3.886 1.4 "versicolor"
12 4.991 1.995 3.488 0.991 "versicolor"
12 5.914 3.004 4.179 1.492 "versicolor"
12 6.013 2.207 3.99 1.007 "versicolor"
12 6.109 2.896 4.713 1.399 "versicolor"
12 5.598 2.902 3.602 1.307 "versicolor"
12 6.682 3.095 4.391 1.402 "versicolor"
12 5.603 3.002 4.514 1.513 "versicolor"
12 5.789 2.691 4.096 0.982 "versicolor"
12 6.185 2.206 4.503 1.511 "versicolor"
12 5.603 2.505 3.89 1.113 "versicolor"
12 5.896 3.181 4.785 1.795 "versicolor"
12 6.09 2.81 3.982 1.301 "versicolor"
12 6.313 2.502 4.9 1.512 "versicolor"
12 6.09 2.812 4.715 1.189 "versicolor"
12 6.402 2.906 4.308 1.276 "versicolor"
12 6.604 3.003 4.379 1.403 "versicolor"
12 6.803 2.787 4.797 1.39 "versicolor"
12 6.7 3.001 4.984 1.684 "versicolor"
12 6.011 2.905 4.504 1.495 "versicolor"
12 5.696 2.596 3.494 1.001 "versicolor"
12 5.504 2.4 3.789 1.108 "versicolor"
12 5.494 2.403 3.699 1.005 "versicolor"
12 5.797 2.689 3.904 1.178 "versicolor"
12 6.003 2.683 5.09 1.602 "versicolor"
12 5.397 2.993 4.501 1.499 "versicolor"
12 5.994 3.394 4.497 1.594 "versicolor"
12 6.688 3.118 4.702 1.513 "versicolor"
12 6.297 2.293 4.395 1.314 "versicolor"
12 5.61 3.012 4.094 1.29 "versicolor"
12 5.498 2.509 3.989 1.302 "versicolor"
12 5.488 2.601 4.372 1.203 "versicolor"
12 6.099 2.991 4.593 1.398 "versicolor"
12 5.794 2.607 4 1.214 "versicolor"
12 4.995 2.291 3.267 1.005 "versicolor"
12 5.606 2.695 4.207 1.301 "versicolor"
12 5.691 2.993 4.211 1.192 "versicolor"
12 5.716 2.919 4.196 1.298 "versicolor"
12 6.202 2.896 4.291 1.306 "versicolor"
12 5.115 2.494 3.009 1.104 "versicolor"
12 5.699 2.805 4.111 1.301 "versicolor"
12 6.298 3.302 5.995 2.485 "virginica"
12 5.803 2.68 5.104 1.91 "virginica"
12 7.098 3.003 5.915 2.093 "virginica"
12 6.292 2.903 5.613 1.805 "virginica"
12 6.489 3.012 5.818 2.198 "virginica"
12 7.617 3.011 6.621 2.115 "virginica"
12 4.894 2.512 4.497 1.681 "virginica"
12 7.285 2.903 6.301 1.793 "virginica"
12 6.685 2.513 5.806 1.804 "virginica"
12 7.204 3.626 6.111 2.493 "virginica"
12 6.488 3.199 5.09 1.99 "virginica"
12 6.401 2.706 5.302 1.889 "virginica"
12 6.805 2.973 5.483 2.101 "virginica"
12 5.702 2.491 5.013 2.004 "virginica"
12 5.791 2.802 5.09 2.405 "virginica"
12 6.388 3.214 5.315 2.291 "virginica"
12 6.502 3.02 5.492 1.789 "virginica"
12 7.69 3.802 6.699 2.23 "virginica"
12 7.701 2.588 6.928 2.3 "virginica"
12 6.012 2.197 4.99 1.505 "virginica"
12 6.893 3.187 5.699 2.301 "virginica"
12 5.598 2.781 4.903 2.006 "virginica"
12 7.688 2.804 6.703 1.997 "virginica"
12 6.298 2.688 4.918 1.796 "virginica"
12 6.703 3.31 5.706 2.092 "virginica"
12 7.21 3.19 5.993 1.812 "virginica"
12 6.205 2.802 4.786 1.805 "virginica"
12 6.104 2.999 4.912 1.811 "virginica"
12 6.404 2.792 5.614 2.094 "virginica"
12 7.196 2.995 5.79 1.599 "virginica"
12 7.387 2.8 6.092 1.911 "virginica"
12 7.909 3.792 6.364 2.003 "virginica"
12 6.396 2.805 5.581 2.194 "virginica"
12 6.31 2.813 5.1 1.488 "virginica"
12 6.102 2.6 5.596 1.399 "virginica"
12 7.707 3.003 6.106 2.296 "virginica"
12 6.316 3.418 5.614 2.412 "virginica"
12 6.399 3.074 5.499 1.787 "virginica"
12 5.992 3.002 4.804 1.807 "virginica"
12 6.893 3.099 5.396 2.095 "virginica"
12 6.693 3.103 5.605 2.373 "virginica"
12 6.91 3.101 5.099 2.322 "virginica"
12 5.779 2.706 5.093 1.891 "virginica"
12 6.79 3.188 5.909 2.296 "virginica"
12 6.707 3.292 5.703 2.499 "virginica"
12 6.705 3.022 5.205 2.299 "virginica"
12 6.313 2.491 4.995 1.887 "virginica"
12 6.492 2.989 5.171 1.993 "virginica"
12 6.202 3.424 5.403 2.298 "virginica"
12 5.905 2.998 5.092 1.789 "virginica"
