93 5.074 3.488 1.406 0.205 "setosa"
93 4.889 3.001 1.397 0.203 "setosa"
93 4.699 3.189 1.302 0.209 "setosa"
93 4.603 3.078 1.505 0.205 "setosa"
93 5.001 3.601 1.404 0.204 "setosa"
93 5.404 3.926 1.694 0.402 "setosa"
93 4.595 3.404 1.407 0.3 "setosa"
93 5.001 3.395 1.512 0.212 "setosa"
93 4.41 2.905 1.392 0.184 "setosa"
93 4.914 3.105 1.476 0.081 "setosa"
93 5.407 3.707 1.486 0.201 "setosa"
93 4.81 3.415 1.595 0.202 "setosa"
93 4.799 3.003 1.402 0.097 "setosa"
93 4.298 3.014 1.103 0.089 "setosa"
93 5.801 3.99 1.205 0.196 "setosa"
93 5.677 4.4 1.492 0.415 "setosa"
93 5.418 3.895 1.286 0.382 "setosa"
93 5.09 3.507 1.394 0.31 "setosa"
93 5.708 3.811 1.717 0.297 "setosa"
93 5.096 3.803 1.512 0.296 "setosa"
93 5.389 3.396 1.704 0.213 "setosa"
93 5.11 3.694 1.495 0.4 "setosa"
93 4.602 3.592 1.001 0.196 "setosa"
93 5.108 3.295 1.712 0.502 "setosa"
93 4.798 3.397 1.916 0.196 "setosa"
93 4.993 2.991 1.625 0.209 "setosa"
93 4.997 3.385 1.601 0.41 "setosa"
93 5.191 3.497 1.507 0.208 "setosa"
93 5.2 3.401 1.415 0.205 "setosa"
93 4.706 3.205 1.602 0.203 "setosa"
93 4.802 3.092 1.6 0.2 "setosa"
93 5.376 3.402 1.505 0.404 "setosa"
93 5.191 4.102 1.488 0.088 "setosa"
93 5.511 4.193 1.41 0.202 "setosa"
93 4.891 3.095 1.505 0.205 "setosa"
93 5.019 3.182 1.207 0.185 "setosa"
93 5.505 3.497 1.296 0.194 "setosa"
93 4.909 3.596 1.403 0.098 "setosa"
93 4.404 2.99 1.31 0.208 "setosa"
93 5.085 3.404 1.496 0.186 "setosa"
93 4.99 3.512 1.289 0.301 "setosa"
93 4.516 2.306 1.311 0.301 "setosa"
93 4.399 3.194 1.297 0.194 "setosa"
93 5.01 3.493 1.6 0.592 "setosa"
93 5.093 3.795 1.887 0.404 "setosa"
93 4.791 3.004 1.398 0.288 "setosa"
93 5.092 3.801 1.599 0.206 "setosa"
93 4.614 3.185 1.408 0.21 "setosa"
93 5.301 3.694 1.498 0.197 "setosa"
93 5.01 3.291 1.396 0.195 "setosa"
93 6.992 3.19 4.72 1.382 "versicolor"
93 6.393 3.196 4.497 1.502 "versicolor"
93 6.896 3.103 4.885 1.511 "versicolor"
93 5.514 2.319 4.002 1.301 "versicolor"
93 6.501 2.803 4.606 1.508 "versicolor"
93 5.699 2.809 4.489 1.299 "versicolor"
93 6.294 3.314 4.712 1.59 "versicolor"
93 4.92 2.417 3.298 0.998 "versicolor"
93 6.596 2.914 4.584 1.314 "versicolor"
93 5.214 2.703 3.887 1.401 "versicolor"
93 4.996 2.016 3.51 0.997 "versicolor"
93 5.895 3.006 4.199 1.505 "versicolor"
93 5.989 2.205 4.002 0.999 "versicolor"
93 6.101 2.897 4.69 1.401 "versicolor"
93 5.597 2.882 3.609 1.28 "versicolor"
93 6.701 3.088 4.395 1.389 "versicolor"
93 5.606 2.983 4.497 1.502 "versicolor"
93 5.781 2.701 4.107 0.997 "versicolor"
93 6.193 2.203 4.49 1.507 "versicolor"
93 5.621 2.499 3.902 1.107 "versicolor"
93 5.92 3.195 4.812 1.79 "versicolor"
93 6.108 2.816 3.983 1.299 "versicolor"
93 6.302 2.495 4.884 1.497 "versicolor"
93 6.103 2.8 4.712 1.217 "versicolor"
93 6.401 2.91 4.299 1.314 "versicolor"
93 6.613 2.986 4.407 1.412 "versicolor"
93 6.808 2.804 4.789 1.407 "versicolor"
93 6.688 2.998 5.009 1.699 "versicolor"
93 5.991 2.896 4.514 1.486 "versicolor"
93 5.702 2.599 3.503 1.013 "versicolor"
93 5.49 2.391 3.794 1.103 "versicolor"
93 5.51 2.403 3.702 1.006 "versicolor"
93 5.806 2.71 3.891 1.195 "versicolor"
93 6.011 2.687 5.091 1.606 "versicolor"
93 5.385 2.993 4.514 1.515 "versicolor"
93 6 3.388 4.502 1.595 "versicolor"
93 6.714 3.108 4.699 1.499 "versicolor"
93 6.299 2.292 4.376 1.308 "versicolor"
93 5.604 3.001 4.085 1.295 "versicolor"
93 5.496 2.485 3.987 1.314 "versicolor"
93 5.489 2.592 4.405 1.195 "versicolor"
93 6.11 3.002 4.622 1.403 "versicolor"
93 5.814 2.598 4 1.204 "versicolor"
93 5 2.298 3.303 0.987 "versicolor"
93 5.594 2.709 4.23 1.285 "versicolor"
93 5.691 2.999 4.208 1.202 "versicolor"
93 5.7 2.892 4.204 1.297 "versicolor"
93 6.198 2.904 4.308 1.297 "versicolor"
93 5.093 2.521 2.989 1.104 "versicolor"
93 5.674 2.808 4.092 1.281 "versicolor"
93 6.296 3.286 5.985 2.496 "virginica"
93 5.819 2.713 5.092 1.9 "virginica"
93 7.098 3.004 5.892 2.106 "virginica"
93 6.297 2.893 5.592 1.796 "virginica"
93 6.506 3.001 5.806 2.198 "virginica"
93 7.619 2.989 6.587 2.119 "virginica"
93 4.913 2.507 4.499 1.7 "virginica"
93 7.3 2.911 6.304 1.795 "virginica"
93 6.698 2.472 5.802 1.8 "virginica"
93 7.209 3.594 6.093 2.528 "virginica"
93 6.502 3.2 5.083 2.009 "virginica"
93 6.392 2.703 5.293 1.896 "virginica"
93 6.805 3.006 5.5 2.088 "virginica"
93 5.722 2.497 5 2.016 "virginica"
93 5.8 2.796 5.096 2.393 "virginica"
93 6.413 3.207 5.309 2.293 "virginica"
93 6.48 3.01 5.496 1.793 "virginica"
93 7.725 3.801 6.71 2.191 "virginica"
93 7.704 2.601 6.894 2.29 "virginica"
93 5.998 2.2 4.983 1.494 "virginica"
93 6.908 3.197 5.695 2.293 "virginica"
93 5.601 2.807 4.892 1.991 "virginica"
93 7.706 2.813 6.713 1.999 "virginica"
93 6.295 2.7 4.907 1.793 "virginica"
93 6.697 3.295 5.71 2.106 "virginica"
93 7.203 3.206 5.995 1.805 "virginica"
93 6.202 2.808 4.786 1.783 "virginica"
93 6.093 3.006 4.902 1.788 "virginica"
93 6.403 2.802 5.6 2.114 "virginica"
93 7.204 2.998 5.817 1.606 "virginica"
93 7.386 2.798 6.093 1.903 "virginica"
93 7.906 3.79 6.398 2.003 "virginica"
93 6.395 2.8 5.595 2.195 "virginica"
93 6.293 2.795 5.09 1.516 "virginica"
93 6.084 2.59 5.594 1.414 "virginica"
93 7.698 3.009 6.102 2.305 "virginica"
93 6.3 3.407 5.603 2.399 "virginica"
93 6.413 3.112 5.502 1.796 "virginica"
93 6 3.008 4.807 1.816 "virginica"
93 6.909 3.084 5.392 2.106 "virginica"
93 6.693 3.103 5.595 2.404 "virginica"
93 6.881 3.094 5.094 2.278 "virginica"
93 5.798 2.689 5.096 1.893 "virginica"
93 6.792 3.196 5.911 2.299 "virginica"
93 6.696 3.3 5.695 2.514 "virginica"
93 6.691 3.003 5.205 2.32 "virginica"
93 6.302 2.51 5.016 1.899 "virginica"
93 6.505 3 5.184 1.999 "virginica"
93 6.199 3.415 5.415 2.301 "virginica"
93 5.904 3.005 5.098 1.799 "virginica"
