4 5.089 3.507 1.412 0.202 "setosa"
4 4.907 2.994 1.405 0.218 "setosa"
4 4.707 3.19 1.298 0.199 "setosa"
4 4.619 3.098 1.492 0.197 "setosa"
4 5.017 3.595 1.39 0.198 "setosa"
4 5.391 3.907 1.71 0.406 "setosa"
4 4.61 3.402 1.4 0.287 "setosa"
4 5.007 3.391 1.489 0.203 "setosa"
4 4.401 2.892 1.399 0.202 "setosa"
4 4.904 3.096 1.499 0.113 "setosa"
4 5.391 3.717 1.511 0.2 "setosa"
4 4.794 3.394 1.593 0.204 "setosa"
4 4.79 2.997 1.381 0.096 "setosa"
4 4.29 2.994 1.104 0.081 "setosa"
4 5.807 3.993 1.205 0.188 "setosa"
4 5.685 4.391 1.515 0.418 "setosa"
4 5.405 3.912 1.307 0.382 "setosa"
4 5.104 3.493 1.408 0.3 "setosa"
4 5.7 3.814 1.699 0.305 "setosa"
4 5.097 3.803 1.505 0.319 "setosa"
4 5.399 3.388 1.712 0.194 "setosa"
4 5.113 3.705 1.497 0.401 "setosa"
4 4.601 3.608 1.014 0.192 "setosa"
4 5.106 3.295 1.712 0.492 "setosa"
4 4.787 3.399 1.902 0.228 "setosa"
4 4.994 3.013 1.608 0.213 "setosa"
4 5.002 3.403 1.599 0.397 "setosa"
4 5.204 3.485 1.487 0.197 "setosa"
4 5.186 3.397 1.392 0.214 "setosa"
4 4.696 3.19 1.599 0.215 "setosa"
4 4.807 3.103 1.617 0.194 "setosa"
4 5.408 3.401 1.515 0.409 "setosa"
4 5.217 4.105 1.503 0.101 "setosa"
4 5.498 4.197 1.392 0.205 "setosa"
4 4.897 3.111 1.498 0.194 "setosa"
4 4.991 3.206 1.206 0.183 "setosa"
4 5.497 3.498 1.294 0.204 "setosa"
4 4.937 3.598 1.401 0.096 "setosa"
4 4.413 3.007 1.294 0.201 "setosa"
4 5.098 3.411 1.507 0.211 "setosa"
4 5.003 3.489 1.299 0.298 "setosa"
4 4.496 2.295 1.311 0.288 "setosa"
4 4.419 3.193 1.298 0.199 "setosa"
4 5.011 3.485 1.606 0.586 "setosa"
4 5.117 3.794 1.9 0.4 "setosa"
4 4.817 3.007 1.409 0.307 "setosa"
4 5.103 3.797 1.599 0.193 "setosa"
4 4.613 3.206 1.388 0.198 "setosa"
4 5.296 3.697 1.503 0.214 "setosa"
4 5.002 3.285 1.408 0.217 "setosa"
4 6.994 3.193 4.703 1.398 "versicolor"
4 6.399 3.203 4.502 1.494 "versicolor"
4 6.901 3.111 4.895 1.506 "versicolor"
4 5.503 2.297 4 1.311 "versicolor"
4 6.49 2.785 4.603 1.496 "versicolor"
4 5.703 2.803 4.484 1.301 "versicolor"
4 6.302 3.297 4.706 1.606 "versicolor"
4 4.927 2.398 3.293 0.996 "versicolor"
4 6.593 2.884 4.585 1.292 "versicolor"
4 5.206 2.706 3.895 1.414 "versicolor"
4 5.007 1.984 3.484 1.016 "versicolor"
4 5.904 2.999 4.206 1.52 "versicolor"
4 5.987 2.211 4.006 0.987 "versicolor"
4 6.074 2.901 4.724 1.42 "versicolor"
4 5.584 2.909 3.602 1.284 "versicolor"
4 6.697 3.083 4.402 1.404 "versicolor"
4 5.595 3.01 4.498 1.497 "versicolor"
4 5.801 2.693 4.098 0.985 "versicolor"
4 6.198 2.206 4.501 1.482 "versicolor"
4 5.595 2.496 3.907 1.107 "versicolor"
4 5.905 3.199 4.803 1.796 "versicolor"
4 6.103 2.795 4 1.312 "versicolor"
4 6.294 2.496 4.914 1.491 "versicolor"
4 6.102 2.795 4.69 1.202 "versicolor"
4 6.408 2.893 4.289 1.312 "versicolor"
4 6.6 3 4.419 1.396 "versicolor"
4 6.802 2.792 4.784 1.39 "versicolor"
4 6.717 2.982 4.99 1.718 "versicolor"
4 6.005 2.891 4.493 1.49 "versicolor"
4 5.72 2.584 3.496 0.998 "versicolor"
4 5.512 2.397 3.801 1.093 "versicolor"
4 5.492 2.398 3.691 1.01 "versicolor"
4 5.824 2.71 3.902 1.188 "versicolor"
4 6.001 2.712 5.105 1.604 "versicolor"
4 5.409 3.019 4.489 1.492 "versicolor"
4 5.999 3.398 4.502 1.599 "versicolor"
4 6.706 3.093 4.684 1.515 "versicolor"
4 6.298 2.285 4.4 1.292 "versicolor"
4 5.613 3.003 4.099 1.287 "versicolor"
4 5.487 2.501 4.012 1.272 "versicolor"
4 5.501 2.591 4.397 1.223 "versicolor"
4 6.117 2.991 4.588 1.397 "versicolor"
4 5.802 2.589 3.987 1.173 "versicolor"
4 5.017 2.3 3.311 0.993 "versicolor"
4 5.596 2.69 4.204 1.285 "versicolor"
4 5.706 2.988 4.203 1.19 "versicolor"
4 5.714 2.909 4.204 1.308 "versicolor"
4 6.21 2.893 4.289 1.313 "versicolor"
4 5.105 2.511 2.997 1.082 "versicolor"
4 5.697 2.806 4.105 1.31 "versicolor"
4 6.311 3.287 6.01 2.508 "virginica"
4 5.803 2.704 5.085 1.896 "virginica"
4 7.111 2.992 5.899 2.098 "virginica"
4 6.303 2.893 5.589 1.779 "virginica"
4 6.511 3.006 5.804 2.184 "virginica"
4 7.615 3.011 6.59 2.111 "virginica"
4 4.898 2.501 4.498 1.693 "virginica"
4 7.287 2.878 6.305 1.786 "virginica"
4 6.69 2.492 5.79 1.816 "virginica"
4 7.187 3.609 6.106 2.503 "virginica"
4 6.503 3.217 5.103 2.003 "virginica"
4 6.4 2.699 5.296 1.911 "virginica"
4 6.797 3.021 5.502 2.119 "virginica"
4 5.704 2.511 5.006 1.991 "virginica"
4 5.809 2.803 5.087 2.406 "virginica"
4 6.415 3.194 5.301 2.302 "virginica"
4 6.497 2.983 5.503 1.813 "virginica"
4 7.697 3.791 6.698 2.21 "virginica"
4 7.706 2.603 6.907 2.31 "virginica"
4 5.99 2.209 4.999 1.485 "virginica"
4 6.902 3.213 5.686 2.289 "virginica"
4 5.601 2.801 4.892 2.007 "virginica"
4 7.705 2.81 6.685 2.011 "virginica"
4 6.27 2.707 4.887 1.789 "virginica"
4 6.716 3.312 5.702 2.107 "virginica"
4 7.196 3.182 5.986 1.806 "virginica"
4 6.207 2.81 4.806 1.793 "virginica"
4 6.096 2.988 4.915 1.795 "virginica"
4 6.397 2.786 5.6 2.113 "virginica"
4 7.193 2.994 5.808 1.593 "virginica"
4 7.396 2.791 6.088 1.9 "virginica"
4 7.884 3.819 6.411 1.983 "virginica"
4 6.405 2.788 5.591 2.208 "virginica"
4 6.293 2.805 5.11 1.495 "virginica"
4 6.115 2.593 5.596 1.395 "virginica"
4 7.721 2.991 6.092 2.302 "virginica"
4 6.3 3.414 5.596 2.398 "virginica"
4 6.4 3.112 5.485 1.814 "virginica"
4 5.989 2.985 4.787 1.793 "virginica"
4 6.906 3.105 5.402 2.091 "virginica"
4 6.689 3.089 5.595 2.395 "virginica"
4 6.889 3.114 5.101 2.303 "virginica"
4 5.792 2.7 5.1 1.901 "virginica"
4 6.803 3.203 5.921 2.286 "virginica"
4 6.704 3.304 5.692 2.485 "virginica"
4 6.683 2.995 5.199 2.299 "virginica"
4 6.303 2.511 4.992 1.903 "virginica"
4 6.495 3 5.207 2.004 "virginica"
4 6.211 3.408 5.404 2.302 "virginica"
4 5.888 2.999 5.11 1.783 "virginica"
