67 5.093 3.497 1.405 0.202 "setosa"
67 4.891 2.99 1.394 0.207 "setosa"
67 4.695 3.193 1.314 0.191 "setosa"
67 4.6 3.115 1.481 0.209 "setosa"
67 5.013 3.604 1.393 0.189 "setosa"
67 5.412 3.889 1.694 0.401 "setosa"
67 4.586 3.407 1.402 0.289 "setosa"
67 5.011 3.411 1.507 0.206 "setosa"
67 4.406 2.898 1.394 0.208 "setosa"
67 4.899 3.089 1.507 0.109 "setosa"
67 5.405 3.692 1.508 0.203 "setosa"
67 4.785 3.39 1.599 0.2 "setosa"
67 4.783 2.998 1.421 0.109 "setosa"
67 4.308 2.991 1.114 0.086 "setosa"
67 5.805 3.998 1.194 0.219 "setosa"
67 5.696 4.397 1.503 0.392 "setosa"
67 5.391 3.905 1.3 0.406 "setosa"
67 5.099 3.502 1.402 0.302 "setosa"
67 5.683 3.802 1.708 0.292 "setosa"
67 5.128 3.8 1.513 0.302 "setosa"
67 5.396 3.399 1.703 0.201 "setosa"
67 5.078 3.706 1.5 0.402 "setosa"
67 4.61 3.59 0.988 0.174 "setosa"
67 5.105 3.288 1.711 0.504 "setosa"
67 4.82 3.398 1.896 0.188 "setosa"
67 5.017 3.002 1.588 0.2 "setosa"
67 5 3.401 1.604 0.399 "setosa"
67 5.2 3.487 1.5 0.208 "setosa"
67 5.173 3.394 1.41 0.192 "setosa"
67 4.711 3.207 1.622 0.185 "setosa"
67 4.801 3.106 1.599 0.181 "setosa"
67 5.393 3.393 1.492 0.408 "setosa"
67 5.194 4.109 1.505 0.092 "setosa"
67 5.509 4.212 1.4 0.214 "setosa"
67 4.893 3.111 1.507 0.195 "setosa"
67 5.01 3.189 1.198 0.2 "setosa"
67 5.529 3.486 1.3 0.182 "setosa"
67 4.897 3.614 1.379 0.094 "setosa"
67 4.38 3 1.307 0.203 "setosa"
67 5.109 3.413 1.504 0.209 "setosa"
67 4.992 3.5 1.296 0.297 "setosa"
67 4.496 2.281 1.321 0.303 "setosa"
67 4.384 3.206 1.294 0.195 "setosa"
67 5.003 3.503 1.614 0.6 "setosa"
67 5.123 3.807 1.894 0.4 "setosa"
67 4.806 2.992 1.401 0.311 "setosa"
67 5.112 3.796 1.589 0.203 "setosa"
67 4.59 3.2 1.419 0.187 "setosa"
67 5.29 3.7 1.515 0.217 "setosa"
67 4.999 3.282 1.404 0.198 "setosa"
67 6.995 3.229 4.703 1.401 "versicolor"
67 6.39 3.198 4.505 1.486 "versicolor"
67 6.879 3.093 4.923 1.5 "versicolor"
67 5.483 2.301 4.003 1.297 "versicolor"
67 6.48 2.804 4.614 1.514 "versicolor"
67 5.722 2.787 4.506 1.311 "versicolor"
67 6.282 3.29 4.692 1.587 "versicolor"
67 4.892 2.397 3.296 1.01 "versicolor"
67 6.589 2.906 4.589 1.304 "versicolor"
67 5.206 2.713 3.896 1.398 "versicolor"
67 5.009 2.011 3.492 1.002 "versicolor"
67 5.886 2.984 4.192 1.5 "versicolor"
67 5.997 2.195 3.995 1.008 "versicolor"
67 6.096 2.892 4.708 1.429 "versicolor"
67 5.597 2.884 3.586 1.312 "versicolor"
67 6.693 3.109 4.405 1.424 "versicolor"
67 5.595 3.009 4.472 1.497 "versicolor"
67 5.792 2.706 4.087 0.978 "versicolor"
67 6.203 2.217 4.495 1.493 "versicolor"
67 5.604 2.497 3.91 1.099 "versicolor"
67 5.893 3.204 4.788 1.785 "versicolor"
67 6.112 2.796 4.009 1.309 "versicolor"
67 6.309 2.491 4.914 1.505 "versicolor"
67 6.1 2.786 4.696 1.201 "versicolor"
67 6.402 2.903 4.297 1.295 "versicolor"
67 6.597 2.983 4.408 1.393 "versicolor"
67 6.801 2.789 4.815 1.412 "versicolor"
67 6.683 3 5 1.704 "versicolor"
67 5.986 2.896 4.494 1.506 "versicolor"
67 5.717 2.597 3.506 0.993 "versicolor"
67 5.51 2.411 3.8 1.09 "versicolor"
67 5.496 2.407 3.696 0.986 "versicolor"
67 5.803 2.7 3.897 1.211 "versicolor"
67 6.019 2.701 5.111 1.61 "versicolor"
67 5.4 2.997 4.486 1.472 "versicolor"
67 6.011 3.398 4.493 1.599 "versicolor"
67 6.7 3.093 4.695 1.481 "versicolor"
67 6.308 2.299 4.385 1.281 "versicolor"
67 5.584 3.011 4.107 1.294 "versicolor"
67 5.511 2.501 4.01 1.303 "versicolor"
67 5.499 2.629 4.409 1.204 "versicolor"
67 6.118 2.984 4.59 1.392 "versicolor"
67 5.802 2.599 3.988 1.205 "versicolor"
67 4.982 2.307 3.306 0.984 "versicolor"
67 5.606 2.68 4.182 1.295 "versicolor"
67 5.708 3.001 4.189 1.192 "versicolor"
67 5.701 2.893 4.21 1.294 "versicolor"
67 6.181 2.911 4.312 1.293 "versicolor"
67 5.092 2.472 2.997 1.092 "versicolor"
67 5.699 2.806 4.113 1.31 "versicolor"
67 6.318 3.293 5.991 2.504 "virginica"
67 5.809 2.688 5.104 1.912 "virginica"
67 7.094 2.994 5.909 2.097 "virginica"
67 6.294 2.891 5.616 1.818 "virginica"
67 6.507 3.003 5.781 2.184 "virginica"
67 7.596 2.997 6.601 2.09 "virginica"
67 4.902 2.508 4.5 1.684 "virginica"
67 7.309 2.906 6.31 1.816 "virginica"
67 6.703 2.518 5.807 1.8 "virginica"
67 7.199 3.607 6.109 2.489 "virginica"
67 6.486 3.207 5.11 2.011 "virginica"
67 6.399 2.709 5.312 1.882 "virginica"
67 6.796 2.996 5.488 2.106 "virginica"
67 5.709 2.5 5.01 1.999 "virginica"
67 5.816 2.798 5.104 2.398 "virginica"
67 6.402 3.188 5.308 2.302 "virginica"
67 6.512 3.005 5.493 1.796 "virginica"
67 7.711 3.797 6.704 2.202 "virginica"
67 7.701 2.589 6.897 2.301 "virginica"
67 6.018 2.204 4.993 1.519 "virginica"
67 6.881 3.198 5.689 2.299 "virginica"
67 5.605 2.82 4.903 1.993 "virginica"
67 7.698 2.791 6.716 1.982 "virginica"
67 6.285 2.688 4.91 1.816 "virginica"
67 6.696 3.297 5.716 2.091 "virginica"
67 7.193 3.197 5.997 1.801 "virginica"
67 6.196 2.793 4.814 1.803 "virginica"
67 6.098 2.987 4.903 1.807 "virginica"
67 6.401 2.792 5.607 2.085 "virginica"
67 7.213 3.009 5.811 1.595 "virginica"
67 7.404 2.799 6.08 1.894 "virginica"
67 7.895 3.801 6.408 2.017 "virginica"
67 6.409 2.789 5.612 2.198 "virginica"
67 6.302 2.806 5.105 1.49 "virginica"
67 6.103 2.588 5.611 1.385 "virginica"
67 7.696 2.986 6.101 2.304 "virginica"
67 6.304 3.401 5.602 2.401 "virginica"
67 6.409 3.098 5.494 1.808 "virginica"
67 6.011 2.994 4.786 1.809 "virginica"
67 6.888 3.111 5.411 2.089 "virginica"
67 6.709 3.106 5.602 2.413 "virginica"
67 6.916 3.103 5.114 2.292 "virginica"
67 5.801 2.702 5.109 1.903 "virginica"
67 6.798 3.194 5.904 2.277 "virginica"
67 6.692 3.282 5.707 2.498 "virginica"
67 6.686 2.997 5.201 2.311 "virginica"
67 6.296 2.498 4.986 1.9 "virginica"
67 6.483 3.002 5.206 2.013 "virginica"
67 6.206 3.434 5.402 2.294 "virginica"
67 5.895 2.999 5.092 1.802 "virginica"
