51 5.094 3.494 1.39 0.192 "setosa"
51 4.894 2.979 1.393 0.192 "setosa"
51 4.698 3.199 1.315 0.181 "setosa"
51 4.602 3.083 1.497 0.202 "setosa"
51 4.988 3.591 1.41 0.189 "setosa"
51 5.401 3.875 1.699 0.414 "setosa"
51 4.609 3.406 1.396 0.284 "setosa"
51 5.009 3.409 1.506 0.204 "setosa"
51 4.392 2.911 1.393 0.193 "setosa"
51 4.892 3.11 1.508 0.099 "setosa"
51 5.408 3.707 1.497 0.185 "setosa"
51 4.806 3.408 1.603 0.198 "setosa"
51 4.803 2.993 1.391 0.117 "setosa"
51 4.306 3.016 1.099 0.086 "setosa"
51 5.819 3.992 1.205 0.214 "setosa"
51 5.683 4.402 1.507 0.401 "setosa"
51 5.409 3.901 1.294 0.401 "setosa"
51 5.085 3.493 1.406 0.308 "setosa"
51 5.712 3.793 1.686 0.297 "setosa"
51 5.099 3.789 1.498 0.283 "setosa"
51 5.401 3.395 1.692 0.221 "setosa"
51 5.113 3.715 1.496 0.417 "setosa"
51 4.592 3.598 0.983 0.19 "setosa"
51 5.106 3.267 1.725 0.505 "setosa"
51 4.805 3.382 1.919 0.204 "setosa"
51 5.001 2.994 1.596 0.198 "setosa"
51 5.008 3.402 1.588 0.387 "setosa"
51 5.203 3.487 1.505 0.194 "setosa"
51 5.203 3.388 1.398 0.212 "setosa"
51 4.708 3.202 1.601 0.208 "setosa"
51 4.803 3.097 1.585 0.201 "setosa"
51 5.388 3.39 1.507 0.39 "setosa"
51 5.199 4.105 1.495 0.101 "setosa"
51 5.507 4.191 1.373 0.204 "setosa"
51 4.896 3.083 1.494 0.198 "setosa"
51 4.984 3.211 1.217 0.2 "setosa"
51 5.513 3.495 1.281 0.208 "setosa"
51 4.88 3.595 1.376 0.099 "setosa"
51 4.396 3.007 1.299 0.222 "setosa"
51 5.105 3.404 1.487 0.223 "setosa"
51 5.008 3.502 1.303 0.293 "setosa"
51 4.504 2.305 1.298 0.3 "setosa"
51 4.386 3.193 1.315 0.187 "setosa"
51 4.991 3.496 1.607 0.591 "setosa"
51 5.104 3.792 1.919 0.384 "setosa"
51 4.795 3.008 1.404 0.296 "setosa"
51 5.113 3.792 1.6 0.196 "setosa"
51 4.594 3.204 1.406 0.198 "setosa"
51 5.29 3.717 1.497 0.201 "setosa"
51 5.005 3.29 1.406 0.196 "setosa"
51 7.016 3.198 4.696 1.39 "versicolor"
51 6.401 3.206 4.5 1.498 "versicolor"
51 6.912 3.092 4.89 1.499 "versicolor"
51 5.489 2.312 4.002 1.3 "versicolor"
51 6.504 2.795 4.597 1.491 "versicolor"
51 5.706 2.805 4.506 1.296 "versicolor"
51 6.286 3.3 4.718 1.597 "versicolor"
51 4.883 2.395 3.285 0.982 "versicolor"
51 6.6 2.893 4.614 1.304 "versicolor"
51 5.213 2.699 3.904 1.409 "versicolor"
51 5.009 1.983 3.496 0.996 "versicolor"
51 5.9 2.993 4.192 1.498 "versicolor"
51 6.01 2.197 4.009 0.998 "versicolor"
51 6.1 2.898 4.689 1.407 "versicolor"
51 5.606 2.893 3.615 1.305 "versicolor"
51 6.719 3.111 4.393 1.406 "versicolor"
51 5.613 2.991 4.508 1.496 "versicolor"
51 5.785 2.708 4.103 1.006 "versicolor"
51 6.206 2.201 4.507 1.523 "versicolor"
51 5.608 2.482 3.895 1.089 "versicolor"
51 5.908 3.213 4.807 1.805 "versicolor"
51 6.102 2.812 3.992 1.308 "versicolor"
51 6.289 2.489 4.889 1.493 "versicolor"
51 6.097 2.808 4.703 1.217 "versicolor"
51 6.396 2.899 4.308 1.287 "versicolor"
51 6.589 3.015 4.405 1.405 "versicolor"
51 6.804 2.812 4.802 1.396 "versicolor"
51 6.708 3.013 5.015 1.68 "versicolor"
51 6.01 2.9 4.488 1.503 "versicolor"
51 5.701 2.602 3.495 0.989 "versicolor"
51 5.514 2.382 3.791 1.097 "versicolor"
51 5.512 2.408 3.695 0.989 "versicolor"
51 5.812 2.695 3.891 1.187 "versicolor"
51 6 2.689 5.1 1.6 "versicolor"
51 5.392 2.995 4.493 1.513 "versicolor"
51 5.985 3.408 4.475 1.596 "versicolor"
51 6.709 3.103 4.697 1.503 "versicolor"
51 6.287 2.302 4.408 1.317 "versicolor"
51 5.591 2.983 4.113 1.305 "versicolor"
51 5.512 2.505 4 1.302 "versicolor"
51 5.488 2.585 4.406 1.22 "versicolor"
51 6.107 2.992 4.619 1.401 "versicolor"
51 5.797 2.592 4 1.204 "versicolor"
51 4.994 2.292 3.281 1.005 "versicolor"
51 5.624 2.698 4.185 1.304 "versicolor"
51 5.688 2.987 4.217 1.198 "versicolor"
51 5.704 2.916 4.207 1.286 "versicolor"
51 6.196 2.887 4.331 1.282 "versicolor"
51 5.108 2.505 3.001 1.101 "versicolor"
51 5.705 2.802 4.106 1.292 "versicolor"
51 6.298 3.295 5.985 2.488 "virginica"
51 5.805 2.705 5.119 1.897 "virginica"
51 7.108 2.993 5.897 2.088 "virginica"
51 6.305 2.899 5.604 1.822 "virginica"
51 6.506 3.011 5.795 2.207 "virginica"
51 7.612 3.001 6.578 2.12 "virginica"
51 4.908 2.484 4.523 1.694 "virginica"
51 7.314 2.897 6.316 1.811 "virginica"
51 6.705 2.493 5.802 1.796 "virginica"
51 7.204 3.603 6.108 2.483 "virginica"
51 6.483 3.206 5.107 1.997 "virginica"
51 6.402 2.706 5.304 1.91 "virginica"
51 6.797 3.005 5.488 2.114 "virginica"
51 5.691 2.49 4.993 1.992 "virginica"
51 5.81 2.795 5.091 2.389 "virginica"
51 6.4 3.207 5.314 2.296 "virginica"
51 6.483 2.993 5.498 1.78 "virginica"
51 7.699 3.801 6.711 2.21 "virginica"
51 7.709 2.6 6.902 2.294 "virginica"
51 5.996 2.19 5.005 1.501 "virginica"
51 6.912 3.207 5.707 2.293 "virginica"
51 5.597 2.796 4.912 1.998 "virginica"
51 7.708 2.801 6.697 1.982 "virginica"
51 6.294 2.704 4.895 1.817 "virginica"
51 6.694 3.323 5.698 2.099 "virginica"
51 7.196 3.209 6.006 1.821 "virginica"
51 6.203 2.804 4.801 1.794 "virginica"
51 6.113 2.997 4.894 1.813 "virginica"
51 6.401 2.788 5.593 2.108 "virginica"
51 7.192 2.988 5.807 1.599 "virginica"
51 7.404 2.803 6.109 1.892 "virginica"
51 7.897 3.813 6.404 2.01 "virginica"
51 6.386 2.784 5.591 2.198 "virginica"
51 6.299 2.812 5.095 1.501 "virginica"
51 6.093 2.599 5.591 1.391 "virginica"
51 7.706 2.993 6.103 2.289 "virginica"
51 6.291 3.388 5.586 2.396 "virginica"
51 6.422 3.108 5.485 1.804 "virginica"
51 5.999 2.993 4.822 1.802 "virginica"
51 6.912 3.102 5.403 2.112 "virginica"
51 6.692 3.093 5.596 2.398 "virginica"
51 6.918 3.11 5.116 2.301 "virginica"
51 5.797 2.692 5.105 1.906 "virginica"
51 6.812 3.204 5.882 2.287 "virginica"
51 6.695 3.298 5.687 2.508 "virginica"
51 6.693 3.015 5.194 2.287 "virginica"
51 6.292 2.5 5.001 1.894 "virginica"
51 6.499 2.986 5.182 2.012 "virginica"
51 6.198 3.407 5.417 2.295 "virginica"
51 5.907 2.989 5.102 1.785 "virginica"
