14 5.103 3.503 1.388 0.2 "setosa"
14 4.907 3.007 1.38 0.175 "setosa"
14 4.696 3.195 1.299 0.228 "setosa"
14 4.611 3.091 1.493 0.211 "setosa"
14 5.004 3.594 1.403 0.194 "setosa"
14 5.393 3.911 1.717 0.405 "setosa"
14 4.596 3.411 1.414 0.304 "setosa"
14 5 3.402 1.495 0.206 "setosa"
14 4.392 2.895 1.393 0.208 "setosa"
14 4.922 3.105 1.492 0.103 "setosa"
14 5.396 3.705 1.519 0.209 "setosa"
14 4.793 3.394 1.605 0.178 "setosa"
14 4.797 2.993 1.4 0.105 "setosa"
14 4.296 3.011 1.086 0.107 "setosa"
14 5.798 4.017 1.184 0.207 "setosa"
14 5.713 4.375 1.502 0.396 "setosa"
14 5.41 3.903 1.279 0.409 "setosa"
14 5.114 3.495 1.405 0.308 "setosa"
14 5.707 3.801 1.701 0.298 "setosa"
14 5.094 3.801 1.495 0.289 "setosa"
14 5.39 3.39 1.707 0.191 "setosa"
14 5.1 3.692 1.496 0.408 "setosa"
14 4.605 3.584 0.997 0.19 "setosa"
14 5.094 3.313 1.69 0.506 "setosa"
14 4.792 3.413 1.892 0.205 "setosa"
14 4.998 3.003 1.604 0.212 "setosa"
14 4.999 3.407 1.594 0.403 "setosa"
14 5.196 3.505 1.493 0.217 "setosa"
14 5.199 3.403 1.39 0.218 "setosa"
14 4.697 3.184 1.588 0.187 "setosa"
14 4.803 3.091 1.609 0.199 "setosa"
14 5.398 3.408 1.486 0.403 "setosa"
14 5.194 4.097 1.494 0.099 "setosa"
14 5.504 4.198 1.392 0.213 "setosa"
14 4.887 3.109 1.501 0.192 "setosa"
14 5.006 3.221 1.196 0.191 "setosa"
14 5.508 3.508 1.305 0.206 "setosa"
14 4.906 3.608 1.419 0.123 "setosa"
14 4.407 2.986 1.288 0.186 "setosa"
14 5.101 3.398 1.499 0.193 "setosa"
14 4.995 3.495 1.29 0.294 "setosa"
14 4.501 2.311 1.279 0.307 "setosa"
14 4.403 3.203 1.303 0.191 "setosa"
14 4.995 3.505 1.606 0.609 "setosa"
14 5.1 3.817 1.905 0.395 "setosa"
14 4.804 2.997 1.406 0.298 "setosa"
14 5.103 3.796 1.599 0.202 "setosa"
14 4.602 3.183 1.39 0.193 "setosa"
14 5.299 3.701 1.509 0.203 "setosa"
14 4.985 3.297 1.408 0.212 "setosa"
14 7.02 3.196 4.695 1.41 "versicolor"
14 6.398 3.205 4.505 1.504 "versicolor"
14 6.909 3.106 4.889 1.509 "versicolor"
14 5.494 2.306 3.996 1.294 "versicolor"
14 6.512 2.814 4.599 1.495 "versicolor"
14 5.709 2.82 4.481 1.294 "versicolor"
14 6.298 3.284 4.685 1.595 "versicolor"
14 4.884 2.402 3.31 1.006 "versicolor"
14 6.597 2.888 4.59 1.294 "versicolor"
14 5.196 2.701 3.903 1.396 "versicolor"
14 5.006 1.986 3.503 1.002 "versicolor"
14 5.907 3.002 4.203 1.498 "versicolor"
14 6.011 2.195 4.01 0.989 "versicolor"
14 6.087 2.911 4.7 1.403 "versicolor"
14 5.603 2.89 3.603 1.298 "versicolor"
14 6.712 3.112 4.403 1.384 "versicolor"
14 5.608 2.994 4.504 1.488 "versicolor"
14 5.804 2.709 4.085 1.005 "versicolor"
14 6.208 2.2 4.509 1.507 "versicolor"
14 5.613 2.488 3.889 1.096 "versicolor"
14 5.903 3.199 4.785 1.784 "versicolor"
14 6.099 2.782 3.998 1.282 "versicolor"
14 6.313 2.496 4.911 1.502 "versicolor"
14 6.106 2.815 4.686 1.19 "versicolor"
14 6.395 2.891 4.31 1.298 "versicolor"
14 6.599 3.003 4.386 1.397 "versicolor"
14 6.812 2.816 4.778 1.4 "versicolor"
14 6.701 2.981 4.993 1.683 "versicolor"
14 6.01 2.9 4.51 1.513 "versicolor"
14 5.711 2.601 3.505 0.995 "versicolor"
14 5.49 2.389 3.791 1.123 "versicolor"
14 5.475 2.401 3.699 1.01 "versicolor"
14 5.806 2.699 3.91 1.194 "versicolor"
14 6.016 2.699 5.093 1.59 "versicolor"
14 5.391 3.004 4.501 1.492 "versicolor"
14 6.025 3.39 4.522 1.575 "versicolor"
14 6.7 3.107 4.698 1.502 "versicolor"
14 6.292 2.311 4.4 1.301 "versicolor"
14 5.583 3.012 4.105 1.287 "versicolor"
14 5.495 2.49 3.995 1.306 "versicolor"
14 5.48 2.601 4.394 1.199 "versicolor"
14 6.109 3.015 4.6 1.392 "versicolor"
14 5.808 2.59 4.009 1.188 "versicolor"
14 4.995 2.293 3.302 0.991 "versicolor"
14 5.584 2.7 4.189 1.289 "versicolor"
14 5.708 3.021 4.207 1.199 "versicolor"
14 5.706 2.915 4.189 1.312 "versicolor"
14 6.183 2.899 4.298 1.303 "versicolor"
14 5.11 2.512 3.008 1.09 "versicolor"
14 5.703 2.793 4.091 1.282 "versicolor"
14 6.3 3.298 5.999 2.503 "virginica"
14 5.806 2.704 5.127 1.888 "virginica"
14 7.102 2.973 5.894 2.096 "virginica"
14 6.27 2.907 5.6 1.798 "virginica"
14 6.496 2.992 5.783 2.199 "virginica"
14 7.609 3 6.604 2.098 "virginica"
14 4.883 2.503 4.498 1.695 "virginica"
14 7.297 2.899 6.307 1.789 "virginica"
14 6.712 2.5 5.799 1.812 "virginica"
14 7.202 3.601 6.103 2.496 "virginica"
14 6.501 3.206 5.104 2.022 "virginica"
14 6.409 2.716 5.295 1.904 "virginica"
14 6.789 3.013 5.503 2.102 "virginica"
14 5.702 2.503 5.002 1.986 "virginica"
14 5.785 2.789 5.128 2.405 "virginica"
14 6.392 3.203 5.296 2.303 "virginica"
14 6.494 2.992 5.507 1.782 "virginica"
14 7.704 3.814 6.703 2.183 "virginica"
14 7.702 2.589 6.896 2.29 "virginica"
14 5.996 2.213 4.991 1.504 "virginica"
14 6.901 3.195 5.701 2.297 "virginica"
14 5.596 2.796 4.894 1.999 "virginica"
14 7.712 2.796 6.704 2.005 "virginica"
14 6.292 2.708 4.917 1.801 "virginica"
14 6.689 3.291 5.707 2.108 "virginica"
14 7.21 3.196 5.986 1.807 "virginica"
14 6.203 2.799 4.779 1.794 "virginica"
14 6.091 2.987 4.881 1.81 "virginica"
14 6.398 2.814 5.598 2.1 "virginica"
14 7.197 2.983 5.807 1.613 "virginica"
14 7.4 2.796 6.113 1.902 "virginica"
14 7.907 3.799 6.41 2.014 "virginica"
14 6.383 2.824 5.609 2.196 "virginica"
14 6.295 2.803 5.092 1.505 "virginica"
14 6.112 2.621 5.607 1.39 "virginica"
14 7.704 2.997 6.09 2.303 "virginica"
14 6.306 3.395 5.605 2.39 "virginica"
14 6.407 3.096 5.486 1.806 "virginica"
14 6.007 2.987 4.809 1.797 "virginica"
14 6.911 3.1 5.408 2.082 "virginica"
14 6.717 3.095 5.605 2.395 "virginica"
14 6.885 3.101 5.098 2.306 "virginica"
14 5.784 2.7 5.097 1.888 "virginica"
14 6.799 3.203 5.896 2.291 "virginica"
14 6.709 3.311 5.712 2.483 "virginica"
14 6.708 2.987 5.192 2.289 "virginica"
14 6.292 2.526 4.995 1.919 "virginica"
14 6.487 3.008 5.192 2.008 "virginica"
14 6.186 3.416 5.415 2.307 "virginica"
14 5.891 2.993 5.111 1.788 "virginica"
