57 5.091 3.51 1.404 0.193 "setosa"
57 4.903 2.985 1.404 0.193 "setosa"
57 4.699 3.198 1.29 0.181 "setosa"
57 4.58 3.097 1.498 0.195 "setosa"
57 5.011 3.606 1.412 0.192 "setosa"
57 5.402 3.88 1.709 0.393 "setosa"
57 4.611 3.396 1.398 0.303 "setosa"
57 4.991 3.395 1.489 0.186 "setosa"
57 4.406 2.905 1.41 0.188 "setosa"
57 4.898 3.096 1.492 0.091 "setosa"
57 5.402 3.707 1.503 0.195 "setosa"
57 4.794 3.401 1.611 0.186 "setosa"
57 4.795 3.003 1.386 0.09 "setosa"
57 4.299 2.996 1.109 0.09 "setosa"
57 5.807 4.011 1.204 0.187 "setosa"
57 5.721 4.4 1.487 0.399 "setosa"
57 5.4 3.889 1.303 0.379 "setosa"
57 5.122 3.503 1.391 0.298 "setosa"
57 5.694 3.809 1.716 0.298 "setosa"
57 5.113 3.801 1.492 0.3 "setosa"
57 5.398 3.408 1.704 0.225 "setosa"
57 5.118 3.689 1.508 0.413 "setosa"
57 4.588 3.594 0.997 0.201 "setosa"
57 5.106 3.296 1.696 0.509 "setosa"
57 4.807 3.4 1.9 0.192 "setosa"
57 4.995 3.007 1.587 0.208 "setosa"
57 5.009 3.405 1.599 0.412 "setosa"
57 5.19 3.516 1.492 0.191 "setosa"
57 5.196 3.4 1.379 0.196 "setosa"
57 4.696 3.202 1.606 0.206 "setosa"
57 4.81 3.103 1.6 0.194 "setosa"
57 5.406 3.396 1.495 0.377 "setosa"
57 5.203 4.113 1.507 0.1 "setosa"
57 5.509 4.197 1.403 0.208 "setosa"
57 4.887 3.087 1.504 0.198 "setosa"
57 4.983 3.185 1.187 0.207 "setosa"
57 5.498 3.488 1.294 0.193 "setosa"
57 4.907 3.594 1.389 0.098 "setosa"
57 4.408 2.992 1.302 0.213 "setosa"
57 5.111 3.393 1.523 0.193 "setosa"
57 4.999 3.498 1.29 0.296 "setosa"
57 4.501 2.288 1.306 0.31 "setosa"
57 4.406 3.194 1.305 0.202 "setosa"
57 5.012 3.509 1.61 0.608 "setosa"
57 5.097 3.777 1.89 0.393 "setosa"
57 4.792 2.987 1.396 0.288 "setosa"
57 5.087 3.784 1.61 0.198 "setosa"
57 4.599 3.215 1.399 0.212 "setosa"
57 5.295 3.708 1.498 0.185 "setosa"
57 4.999 3.329 1.399 0.184 "setosa"
57 7.009 3.195 4.699 1.42 "versicolor"
57 6.387 3.203 4.505 1.504 "versicolor"
57 6.909 3.101 4.91 1.505 "versicolor"
57 5.486 2.296 4.006 1.29 "versicolor"
57 6.499 2.801 4.614 1.506 "versicolor"
57 5.711 2.812 4.496 1.291 "versicolor"
57 6.286 3.305 4.701 1.613 "versicolor"
57 4.913 2.4 3.311 1.002 "versicolor"
57 6.614 2.89 4.593 1.294 "versicolor"
57 5.194 2.698 3.884 1.4 "versicolor"
57 4.988 2.005 3.497 0.989 "versicolor"
57 5.89 2.985 4.202 1.502 "versicolor"
57 5.999 2.22 4.006 0.993 "versicolor"
57 6.103 2.9 4.695 1.383 "versicolor"
57 5.599 2.885 3.605 1.301 "versicolor"
57 6.688 3.108 4.401 1.425 "versicolor"
57 5.585 2.986 4.515 1.503 "versicolor"
57 5.788 2.698 4.109 1.002 "versicolor"
57 6.191 2.196 4.498 1.514 "versicolor"
57 5.62 2.504 3.884 1.093 "versicolor"
57 5.903 3.199 4.794 1.803 "versicolor"
57 6.081 2.796 3.993 1.319 "versicolor"
57 6.318 2.499 4.901 1.514 "versicolor"
57 6.101 2.814 4.713 1.198 "versicolor"
57 6.389 2.897 4.31 1.31 "versicolor"
57 6.598 3.01 4.397 1.394 "versicolor"
57 6.822 2.808 4.782 1.404 "versicolor"
57 6.697 2.998 4.986 1.709 "versicolor"
57 5.986 2.916 4.497 1.511 "versicolor"
57 5.687 2.596 3.495 0.997 "versicolor"
57 5.489 2.406 3.809 1.107 "versicolor"
57 5.507 2.409 3.697 0.984 "versicolor"
57 5.801 2.71 3.906 1.196 "versicolor"
57 5.998 2.703 5.105 1.587 "versicolor"
57 5.395 3.019 4.493 1.503 "versicolor"
57 5.992 3.385 4.5 1.592 "versicolor"
57 6.691 3.104 4.71 1.516 "versicolor"
57 6.288 2.313 4.381 1.297 "versicolor"
57 5.622 2.996 4.102 1.295 "versicolor"
57 5.499 2.494 3.989 1.294 "versicolor"
57 5.51 2.6 4.39 1.209 "versicolor"
57 6.098 3.01 4.608 1.407 "versicolor"
57 5.785 2.59 4.012 1.218 "versicolor"
57 4.986 2.299 3.299 1.015 "versicolor"
57 5.585 2.706 4.204 1.293 "versicolor"
57 5.699 3.007 4.22 1.203 "versicolor"
57 5.702 2.889 4.212 1.299 "versicolor"
57 6.205 2.915 4.288 1.292 "versicolor"
57 5.09 2.501 3.003 1.099 "versicolor"
57 5.706 2.817 4.123 1.29 "versicolor"
57 6.3 3.279 5.995 2.514 "virginica"
57 5.788 2.7 5.099 1.905 "virginica"
57 7.1 3.001 5.899 2.104 "virginica"
57 6.287 2.892 5.592 1.799 "virginica"
57 6.506 2.994 5.796 2.199 "virginica"
57 7.6 3 6.613 2.097 "virginica"
57 4.909 2.497 4.485 1.704 "virginica"
57 7.299 2.901 6.314 1.803 "virginica"
57 6.696 2.501 5.802 1.794 "virginica"
57 7.204 3.599 6.101 2.508 "virginica"
57 6.514 3.189 5.098 1.996 "virginica"
57 6.387 2.719 5.303 1.906 "virginica"
57 6.805 3.007 5.498 2.106 "virginica"
57 5.708 2.51 4.996 2.006 "virginica"
57 5.804 2.816 5.105 2.412 "virginica"
57 6.395 3.205 5.309 2.275 "virginica"
57 6.489 3.017 5.511 1.808 "virginica"
57 7.688 3.794 6.696 2.204 "virginica"
57 7.701 2.595 6.889 2.282 "virginica"
57 5.996 2.21 5 1.492 "virginica"
57 6.902 3.208 5.707 2.316 "virginica"
57 5.593 2.801 4.91 2.013 "virginica"
57 7.708 2.791 6.694 2.006 "virginica"
57 6.285 2.686 4.918 1.802 "virginica"
57 6.69 3.312 5.694 2.089 "virginica"
57 7.199 3.201 6.01 1.812 "virginica"
57 6.19 2.802 4.803 1.806 "virginica"
57 6.093 2.996 4.898 1.793 "virginica"
57 6.406 2.793 5.607 2.108 "virginica"
57 7.203 2.982 5.801 1.608 "virginica"
57 7.419 2.817 6.098 1.909 "virginica"
57 7.899 3.808 6.401 1.996 "virginica"
57 6.4 2.803 5.608 2.191 "virginica"
57 6.312 2.802 5.096 1.509 "virginica"
57 6.096 2.582 5.62 1.416 "virginica"
57 7.697 2.996 6.1 2.298 "virginica"
57 6.307 3.403 5.595 2.403 "virginica"
57 6.404 3.106 5.507 1.788 "virginica"
57 5.996 3.003 4.808 1.78 "virginica"
57 6.908 3.102 5.4 2.097 "virginica"
57 6.682 3.096 5.61 2.403 "virginica"
57 6.905 3.092 5.082 2.305 "virginica"
57 5.796 2.7 5.096 1.906 "virginica"
57 6.788 3.204 5.895 2.312 "virginica"
57 6.705 3.298 5.704 2.513 "virginica"
57 6.7 3.002 5.207 2.306 "virginica"
57 6.285 2.492 5.004 1.892 "virginica"
57 6.49 3.009 5.2 1.997 "virginica"
57 6.195 3.381 5.385 2.303 "virginica"
57 5.907 2.988 5.09 1.811 "virginica"
