97 5.088 3.502 1.389 0.225 "setosa"
97 4.894 3.005 1.403 0.214 "setosa"
97 4.706 3.206 1.301 0.205 "setosa"
97 4.589 3.104 1.501 0.185 "setosa"
97 5.002 3.603 1.408 0.213 "setosa"
97 5.417 3.903 1.687 0.397 "setosa"
97 4.604 3.408 1.398 0.312 "setosa"
97 5.006 3.406 1.493 0.207 "setosa"
97 4.406 2.907 1.409 0.209 "setosa"
97 4.889 3.101 1.506 0.084 "setosa"
97 5.395 3.681 1.488 0.209 "setosa"
97 4.815 3.393 1.61 0.21 "setosa"
97 4.788 2.988 1.405 0.099 "setosa"
97 4.304 2.999 1.094 0.103 "setosa"
97 5.806 3.99 1.198 0.203 "setosa"
97 5.719 4.391 1.503 0.393 "setosa"
97 5.417 3.899 1.307 0.413 "setosa"
97 5.108 3.506 1.391 0.288 "setosa"
97 5.697 3.795 1.701 0.291 "setosa"
97 5.092 3.79 1.484 0.296 "setosa"
97 5.401 3.39 1.691 0.2 "setosa"
97 5.096 3.694 1.506 0.388 "setosa"
97 4.602 3.606 0.993 0.205 "setosa"
97 5.085 3.282 1.679 0.5 "setosa"
97 4.79 3.414 1.91 0.202 "setosa"
97 5.004 3.005 1.595 0.208 "setosa"
97 5.001 3.411 1.613 0.403 "setosa"
97 5.192 3.505 1.502 0.184 "setosa"
97 5.189 3.384 1.41 0.193 "setosa"
97 4.697 3.188 1.601 0.2 "setosa"
97 4.815 3.099 1.617 0.197 "setosa"
97 5.398 3.379 1.483 0.388 "setosa"
97 5.202 4.094 1.498 0.097 "setosa"
97 5.51 4.2 1.404 0.189 "setosa"
97 4.887 3.092 1.499 0.2 "setosa"
97 4.987 3.189 1.208 0.202 "setosa"
97 5.501 3.482 1.308 0.191 "setosa"
97 4.919 3.597 1.399 0.107 "setosa"
97 4.381 3.012 1.294 0.196 "setosa"
97 5.108 3.394 1.483 0.189 "setosa"
97 4.988 3.495 1.305 0.288 "setosa"
97 4.5 2.307 1.306 0.297 "setosa"
97 4.396 3.208 1.293 0.198 "setosa"
97 4.988 3.496 1.591 0.618 "setosa"
97 5.112 3.795 1.896 0.394 "setosa"
97 4.815 3.004 1.399 0.289 "setosa"
97 5.105 3.798 1.599 0.195 "setosa"
97 4.608 3.206 1.404 0.182 "setosa"
97 5.283 3.677 1.509 0.228 "setosa"
97 5.006 3.315 1.38 0.195 "setosa"
97 7.025 3.184 4.699 1.375 "versicolor"
97 6.403 3.194 4.501 1.484 "versicolor"
97 6.903 3.092 4.899 1.508 "versicolor"
97 5.5 2.298 3.996 1.298 "versicolor"
97 6.489 2.788 4.595 1.512 "versicolor"
97 5.695 2.818 4.495 1.294 "versicolor"
97 6.288 3.32 4.686 1.597 "versicolor"
97 4.909 2.404 3.304 0.982 "versicolor"
97 6.607 2.902 4.602 1.292 "versicolor"
97 5.217 2.703 3.907 1.391 "versicolor"
97 4.991 2.004 3.486 0.969 "versicolor"
97 5.895 2.996 4.196 1.505 "versicolor"
97 6 2.194 4.004 0.994 "versicolor"
97 6.092 2.916 4.703 1.393 "versicolor"
97 5.607 2.894 3.622 1.293 "versicolor"
97 6.702 3.106 4.391 1.406 "versicolor"
97 5.628 3.012 4.493 1.504 "versicolor"
97 5.798 2.715 4.09 0.998 "versicolor"
97 6.206 2.184 4.503 1.485 "versicolor"
97 5.603 2.506 3.908 1.1 "versicolor"
97 5.9 3.189 4.817 1.805 "versicolor"
97 6.089 2.795 4.003 1.277 "versicolor"
97 6.292 2.514 4.894 1.483 "versicolor"
97 6.099 2.798 4.708 1.202 "versicolor"
97 6.402 2.91 4.305 1.293 "versicolor"
97 6.608 2.994 4.401 1.395 "versicolor"
97 6.804 2.78 4.824 1.406 "versicolor"
97 6.702 2.992 5.019 1.693 "versicolor"
97 5.991 2.906 4.5 1.487 "versicolor"
97 5.707 2.587 3.493 0.991 "versicolor"
97 5.491 2.412 3.798 1.106 "versicolor"
97 5.508 2.404 3.702 1.003 "versicolor"
97 5.811 2.701 3.882 1.203 "versicolor"
97 6.001 2.72 5.105 1.6 "versicolor"
97 5.402 3.004 4.501 1.498 "versicolor"
97 5.993 3.389 4.508 1.571 "versicolor"
97 6.693 3.115 4.704 1.503 "versicolor"
97 6.28 2.312 4.397 1.319 "versicolor"
97 5.592 3.004 4.107 1.292 "versicolor"
97 5.492 2.496 3.999 1.299 "versicolor"
97 5.487 2.585 4.407 1.211 "versicolor"
97 6.092 3.016 4.598 1.41 "versicolor"
97 5.791 2.58 4 1.192 "versicolor"
97 5 2.289 3.292 1.005 "versicolor"
97 5.581 2.708 4.215 1.311 "versicolor"
97 5.69 3.008 4.181 1.19 "versicolor"
97 5.69 2.917 4.199 1.288 "versicolor"
97 6.185 2.875 4.314 1.303 "versicolor"
97 5.103 2.515 2.993 1.096 "versicolor"
97 5.71 2.8 4.114 1.3 "versicolor"
97 6.292 3.281 5.998 2.503 "virginica"
97 5.79 2.691 5.094 1.902 "virginica"
97 7.093 3.006 5.889 2.088 "virginica"
97 6.303 2.899 5.581 1.804 "virginica"
97 6.5 2.997 5.81 2.212 "virginica"
97 7.582 2.997 6.623 2.113 "virginica"
97 4.893 2.495 4.503 1.696 "virginica"
97 7.292 2.909 6.285 1.785 "virginica"
97 6.698 2.512 5.803 1.807 "virginica"
97 7.211 3.622 6.109 2.509 "virginica"
97 6.494 3.191 5.111 2.019 "virginica"
97 6.405 2.719 5.316 1.897 "virginica"
97 6.801 3.008 5.495 2.095 "virginica"
97 5.707 2.485 5.01 2.004 "virginica"
97 5.782 2.792 5.108 2.403 "virginica"
97 6.393 3.19 5.308 2.29 "virginica"
97 6.516 3.001 5.518 1.792 "virginica"
97 7.682 3.792 6.696 2.21 "virginica"
97 7.709 2.618 6.897 2.295 "virginica"
97 6.013 2.197 5.008 1.501 "virginica"
97 6.903 3.189 5.696 2.293 "virginica"
97 5.603 2.824 4.896 1.998 "virginica"
97 7.705 2.796 6.708 1.999 "virginica"
97 6.307 2.713 4.889 1.796 "virginica"
97 6.7 3.286 5.69 2.097 "virginica"
97 7.186 3.205 5.975 1.803 "virginica"
97 6.217 2.807 4.813 1.803 "virginica"
97 6.101 2.994 4.883 1.81 "virginica"
97 6.416 2.799 5.587 2.076 "virginica"
97 7.191 3.003 5.801 1.604 "virginica"
97 7.406 2.794 6.1 1.9 "virginica"
97 7.905 3.793 6.377 2.017 "virginica"
97 6.399 2.8 5.594 2.184 "virginica"
97 6.282 2.792 5.083 1.483 "virginica"
97 6.105 2.61 5.586 1.393 "virginica"
97 7.692 3 6.099 2.299 "virginica"
97 6.325 3.374 5.61 2.402 "virginica"
97 6.403 3.102 5.509 1.801 "virginica"
97 5.995 3 4.803 1.811 "virginica"
97 6.912 3.095 5.396 2.103 "virginica"
97 6.687 3.094 5.622 2.399 "virginica"
97 6.896 3.115 5.103 2.307 "virginica"
97 5.797 2.71 5.098 1.903 "virginica"
97 6.809 3.197 5.899 2.301 "virginica"
97 6.691 3.306 5.709 2.52 "virginica"
97 6.704 3.016 5.216 2.307 "virginica"
97 6.303 2.501 5.003 1.896 "virginica"
97 6.502 3.007 5.191 1.997 "virginica"
97 6.204 3.391 5.409 2.301 "virginica"
97 5.925 2.987 5.096 1.784 "virginica"
