30 5.111 3.498 1.392 0.224 "setosa"
30 4.907 3.006 1.403 0.211 "setosa"
30 4.713 3.195 1.301 0.204 "setosa"
30 4.6 3.098 1.493 0.207 "setosa"
30 5.005 3.597 1.394 0.201 "setosa"
30 5.389 3.918 1.697 0.404 "setosa"
30 4.609 3.401 1.385 0.31 "setosa"
30 5.007 3.402 1.489 0.201 "setosa"
30 4.402 2.893 1.398 0.207 "setosa"
30 4.894 3.104 1.496 0.088 "setosa"
30 5.402 3.683 1.509 0.201 "setosa"
30 4.802 3.406 1.589 0.196 "setosa"
30 4.799 2.993 1.41 0.112 "setosa"
30 4.305 3.019 1.111 0.099 "setosa"
30 5.789 4.004 1.209 0.182 "setosa"
30 5.711 4.393 1.513 0.389 "setosa"
30 5.391 3.883 1.304 0.389 "setosa"
30 5.083 3.51 1.393 0.293 "setosa"
30 5.709 3.796 1.691 0.291 "setosa"
30 5.108 3.806 1.497 0.31 "setosa"
30 5.417 3.397 1.708 0.213 "setosa"
30 5.113 3.701 1.505 0.4 "setosa"
30 4.603 3.595 1.005 0.198 "setosa"
30 5.075 3.311 1.711 0.496 "setosa"
30 4.786 3.405 1.89 0.2 "setosa"
30 5.014 2.999 1.598 0.204 "setosa"
30 4.998 3.408 1.608 0.382 "setosa"
30 5.194 3.485 1.496 0.219 "setosa"
30 5.193 3.399 1.408 0.194 "setosa"
30 4.699 3.203 1.597 0.198 "setosa"
30 4.817 3.098 1.609 0.197 "setosa"
30 5.411 3.402 1.493 0.418 "setosa"
30 5.19 4.103 1.487 0.106 "setosa"
30 5.495 4.197 1.405 0.209 "setosa"
30 4.898 3.111 1.49 0.212 "setosa"
30 5.009 3.203 1.21 0.209 "setosa"
30 5.49 3.495 1.316 0.218 "setosa"
30 4.904 3.599 1.401 0.091 "setosa"
30 4.396 2.999 1.289 0.192 "setosa"
30 5.089 3.398 1.505 0.208 "setosa"
30 5.002 3.485 1.293 0.299 "setosa"
30 4.5 2.309 1.296 0.301 "setosa"
30 4.393 3.187 1.29 0.202 "setosa"
30 4.983 3.498 1.613 0.584 "setosa"
30 5.093 3.79 1.883 0.405 "setosa"
30 4.81 2.993 1.41 0.318 "setosa"
30 5.091 3.799 1.594 0.185 "setosa"
30 4.605 3.205 1.382 0.188 "setosa"
30 5.295 3.704 1.513 0.207 "setosa"
30 5.007 3.309 1.406 0.21 "setosa"
30 7.009 3.216 4.693 1.39 "versicolor"
30 6.398 3.188 4.502 1.494 "versicolor"
30 6.924 3.111 4.894 1.496 "versicolor"
30 5.488 2.316 3.989 1.301 "versicolor"
30 6.514 2.796 4.605 1.498 "versicolor"
30 5.694 2.803 4.488 1.291 "versicolor"
30 6.293 3.3 4.7 1.588 "versicolor"
30 4.906 2.397 3.306 1.022 "versicolor"
30 6.588 2.9 4.595 1.295 "versicolor"
30 5.189 2.708 3.923 1.407 "versicolor"
30 5.012 2.008 3.494 0.994 "versicolor"
30 5.9 3.011 4.2 1.491 "versicolor"
30 6.009 2.198 3.995 1.001 "versicolor"
30 6.086 2.906 4.684 1.386 "versicolor"
30 5.613 2.928 3.609 1.299 "versicolor"
30 6.719 3.108 4.407 1.39 "versicolor"
30 5.616 2.994 4.515 1.486 "versicolor"
30 5.794 2.693 4.092 1 "versicolor"
30 6.205 2.2 4.49 1.49 "versicolor"
30 5.587 2.512 3.903 1.104 "versicolor"
30 5.886 3.198 4.82 1.785 "versicolor"
30 6.105 2.793 3.996 1.304 "versicolor"
30 6.291 2.489 4.904 1.496 "versicolor"
30 6.076 2.809 4.714 1.194 "versicolor"
30 6.404 2.894 4.287 1.313 "versicolor"
30 6.594 3.007 4.395 1.384 "versicolor"
30 6.808 2.785 4.789 1.389 "versicolor"
30 6.715 3.008 5.005 1.709 "versicolor"
30 6.011 2.889 4.494 1.505 "versicolor"
30 5.712 2.61 3.484 0.979 "versicolor"
30 5.499 2.41 3.801 1.094 "versicolor"
30 5.503 2.391 3.703 0.999 "versicolor"
30 5.796 2.702 3.897 1.21 "versicolor"
30 5.996 2.733 5.086 1.601 "versicolor"
30 5.405 3.002 4.496 1.498 "versicolor"
30 6.013 3.403 4.515 1.593 "versicolor"
30 6.696 3.097 4.718 1.501 "versicolor"
30 6.302 2.293 4.411 1.301 "versicolor"
30 5.611 3.003 4.102 1.286 "versicolor"
30 5.492 2.493 4.018 1.297 "versicolor"
30 5.498 2.595 4.411 1.206 "versicolor"
30 6.078 3.013 4.619 1.398 "versicolor"
30 5.785 2.584 4.017 1.197 "versicolor"
30 5.011 2.312 3.292 1.011 "versicolor"
30 5.6 2.689 4.191 1.305 "versicolor"
30 5.71 2.996 4.198 1.206 "versicolor"
30 5.716 2.915 4.206 1.309 "versicolor"
30 6.202 2.9 4.282 1.289 "versicolor"
30 5.106 2.495 3.012 1.12 "versicolor"
30 5.708 2.781 4.107 1.291 "versicolor"
30 6.31 3.315 5.987 2.489 "virginica"
30 5.798 2.708 5.086 1.883 "virginica"
30 7.097 3.01 5.907 2.104 "virginica"
30 6.29 2.897 5.597 1.804 "virginica"
30 6.517 2.997 5.814 2.183 "virginica"
30 7.595 3.005 6.587 2.094 "virginica"
30 4.901 2.498 4.509 1.713 "virginica"
30 7.299 2.879 6.32 1.813 "virginica"
30 6.703 2.489 5.8 1.804 "virginica"
30 7.199 3.597 6.101 2.493 "virginica"
30 6.496 3.196 5.104 2.013 "virginica"
30 6.41 2.705 5.3 1.92 "virginica"
30 6.808 3.001 5.494 2.108 "virginica"
30 5.684 2.475 5.003 1.982 "virginica"
30 5.794 2.787 5.111 2.397 "virginica"
30 6.4 3.202 5.294 2.294 "virginica"
30 6.513 2.998 5.504 1.794 "virginica"
30 7.71 3.812 6.708 2.191 "virginica"
30 7.692 2.598 6.909 2.303 "virginica"
30 6.003 2.199 4.982 1.503 "virginica"
30 6.909 3.185 5.7 2.316 "virginica"
30 5.609 2.796 4.883 1.993 "virginica"
30 7.689 2.808 6.678 2.005 "virginica"
30 6.312 2.683 4.901 1.81 "virginica"
30 6.709 3.308 5.708 2.095 "virginica"
30 7.203 3.194 6.002 1.795 "virginica"
30 6.207 2.785 4.815 1.788 "virginica"
30 6.114 3.009 4.904 1.785 "virginica"
30 6.385 2.801 5.599 2.119 "virginica"
30 7.22 3.004 5.788 1.597 "virginica"
30 7.411 2.814 6.118 1.893 "virginica"
30 7.908 3.792 6.395 2.02 "virginica"
30 6.41 2.813 5.609 2.182 "virginica"
30 6.286 2.796 5.092 1.501 "virginica"
30 6.087 2.594 5.602 1.401 "virginica"
30 7.703 3.001 6.103 2.294 "virginica"
30 6.301 3.389 5.626 2.423 "virginica"
30 6.405 3.099 5.507 1.814 "virginica"
30 5.98 2.992 4.833 1.784 "virginica"
30 6.908 3.094 5.387 2.11 "virginica"
30 6.703 3.091 5.627 2.401 "virginica"
30 6.895 3.103 5.114 2.291 "virginica"
30 5.796 2.698 5.098 1.895 "virginica"
30 6.81 3.193 5.903 2.297 "virginica"
30 6.712 3.315 5.695 2.48 "virginica"
30 6.7 3.005 5.207 2.314 "virginica"
30 6.298 2.492 5.001 1.904 "virginica"
30 6.5 3.004 5.211 1.991 "virginica"
30 6.2 3.396 5.404 2.296 "virginica"
30 5.895 2.979 5.078 1.796 "virginica"
