33 5.105 3.501 1.402 0.19 "setosa"
33 4.906 3.001 1.403 0.208 "setosa"
33 4.712 3.202 1.306 0.201 "setosa"
33 4.608 3.107 1.493 0.195 "setosa"
33 5.003 3.612 1.4 0.205 "setosa"
33 5.401 3.905 1.695 0.411 "setosa"
33 4.599 3.398 1.404 0.294 "setosa"
33 4.986 3.41 1.512 0.196 "setosa"
33 4.399 2.889 1.414 0.183 "setosa"
33 4.896 3.096 1.499 0.107 "setosa"
33 5.403 3.697 1.491 0.198 "setosa"
33 4.773 3.384 1.589 0.194 "setosa"
33 4.791 3.008 1.392 0.108 "setosa"
33 4.305 3.005 1.092 0.103 "setosa"
33 5.812 4.004 1.214 0.201 "setosa"
33 5.692 4.416 1.508 0.4 "setosa"
33 5.406 3.905 1.3 0.413 "setosa"
33 5.101 3.517 1.395 0.299 "setosa"
33 5.694 3.802 1.703 0.295 "setosa"
33 5.089 3.81 1.517 0.303 "setosa"
33 5.398 3.407 1.697 0.199 "setosa"
33 5.103 3.693 1.491 0.409 "setosa"
33 4.593 3.594 1.005 0.207 "setosa"
33 5.091 3.291 1.692 0.516 "setosa"
33 4.799 3.414 1.888 0.206 "setosa"
33 4.985 2.991 1.598 0.176 "setosa"
33 5.008 3.4 1.599 0.381 "setosa"
33 5.202 3.502 1.507 0.198 "setosa"
33 5.213 3.399 1.401 0.193 "setosa"
33 4.717 3.2 1.589 0.193 "setosa"
33 4.781 3.096 1.621 0.209 "setosa"
33 5.408 3.397 1.51 0.402 "setosa"
33 5.195 4.1 1.514 0.086 "setosa"
33 5.523 4.2 1.402 0.213 "setosa"
33 4.924 3.107 1.503 0.196 "setosa"
33 4.997 3.189 1.21 0.208 "setosa"
33 5.508 3.512 1.288 0.191 "setosa"
33 4.891 3.596 1.411 0.113 "setosa"
33 4.409 2.988 1.284 0.202 "setosa"
33 5.109 3.405 1.52 0.197 "setosa"
33 5.012 3.51 1.31 0.301 "setosa"
33 4.494 2.304 1.305 0.296 "setosa"
33 4.396 3.199 1.309 0.2 "setosa"
33 5.005 3.507 1.589 0.613 "setosa"
33 5.083 3.793 1.91 0.392 "setosa"
33 4.812 3.013 1.392 0.298 "setosa"
33 5.092 3.792 1.589 0.209 "setosa"
33 4.603 3.214 1.397 0.185 "setosa"
33 5.293 3.707 1.508 0.204 "setosa"
33 5.007 3.287 1.388 0.183 "setosa"
33 6.995 3.202 4.716 1.381 "versicolor"
33 6.408 3.201 4.513 1.513 "versicolor"
33 6.885 3.113 4.892 1.491 "versicolor"
33 5.492 2.291 3.995 1.314 "versicolor"
33 6.489 2.813 4.606 1.505 "versicolor"
33 5.692 2.803 4.502 1.325 "versicolor"
33 6.306 3.309 4.671 1.606 "versicolor"
33 4.899 2.405 3.315 1 "versicolor"
33 6.597 2.874 4.599 1.304 "versicolor"
33 5.209 2.694 3.908 1.416 "versicolor"
33 4.993 2.003 3.498 1.006 "versicolor"
33 5.909 3.01 4.2 1.496 "versicolor"
33 5.999 2.186 3.996 0.994 "versicolor"
33 6.116 2.906 4.722 1.418 "versicolor"
33 5.596 2.905 3.598 1.304 "versicolor"
33 6.709 3.104 4.412 1.389 "versicolor"
33 5.594 3.002 4.496 1.515 "versicolor"
33 5.779 2.694 4.11 0.99 "versicolor"
33 6.19 2.198 4.51 1.5 "versicolor"
33 5.593 2.492 3.908 1.094 "versicolor"
33 5.9 3.194 4.798 1.792 "versicolor"
33 6.104 2.798 3.986 1.301 "versicolor"
33 6.296 2.49 4.883 1.489 "versicolor"
33 6.092 2.799 4.696 1.183 "versicolor"
33 6.421 2.907 4.299 1.306 "versicolor"
33 6.579 2.994 4.407 1.392 "versicolor"
33 6.807 2.82 4.799 1.414 "versicolor"
33 6.705 2.991 5.012 1.714 "versicolor"
33 5.991 2.893 4.478 1.497 "versicolor"
33 5.708 2.586 3.482 1.009 "versicolor"
33 5.499 2.4 3.787 1.095 "versicolor"
33 5.487 2.387 3.703 1.016 "versicolor"
33 5.818 2.703 3.899 1.22 "versicolor"
33 6.005 2.717 5.115 1.595 "versicolor"
33 5.416 2.986 4.495 1.511 "versicolor"
33 5.994 3.396 4.507 1.613 "versicolor"
33 6.711 3.089 4.693 1.493 "versicolor"
33 6.312 2.299 4.399 1.298 "versicolor"
33 5.605 2.996 4.099 1.296 "versicolor"
33 5.504 2.509 4.002 1.314 "versicolor"
33 5.505 2.612 4.408 1.196 "versicolor"
33 6.092 2.999 4.605 1.387 "versicolor"
33 5.801 2.598 3.984 1.194 "versicolor"
33 4.996 2.301 3.298 0.987 "versicolor"
33 5.605 2.686 4.194 1.315 "versicolor"
33 5.727 2.999 4.176 1.196 "versicolor"
33 5.692 2.893 4.196 1.293 "versicolor"
33 6.203 2.896 4.299 1.286 "versicolor"
33 5.089 2.491 3.005 1.086 "versicolor"
33 5.727 2.8 4.093 1.296 "versicolor"
33 6.313 3.301 5.99 2.492 "virginica"
33 5.801 2.702 5.081 1.906 "virginica"
33 7.114 3.005 5.883 2.107 "virginica"
33 6.316 2.906 5.615 1.806 "virginica"
33 6.479 3.007 5.782 2.208 "virginica"
33 7.599 2.983 6.591 2.106 "virginica"
33 4.894 2.503 4.51 1.68 "virginica"
33 7.309 2.917 6.292 1.8 "virginica"
33 6.698 2.49 5.813 1.785 "virginica"
33 7.19 3.597 6.104 2.503 "virginica"
33 6.501 3.202 5.11 2.001 "virginica"
33 6.403 2.7 5.294 1.904 "virginica"
33 6.792 3.012 5.521 2.101 "virginica"
33 5.699 2.501 5.018 2.007 "virginica"
33 5.785 2.815 5.09 2.398 "virginica"
33 6.402 3.207 5.314 2.294 "virginica"
33 6.498 3.016 5.506 1.789 "virginica"
33 7.692 3.783 6.697 2.202 "virginica"
33 7.684 2.581 6.897 2.337 "virginica"
33 6.005 2.189 4.999 1.497 "virginica"
33 6.889 3.207 5.714 2.321 "virginica"
33 5.607 2.788 4.904 1.989 "virginica"
33 7.694 2.792 6.707 2.001 "virginica"
33 6.307 2.694 4.897 1.799 "virginica"
33 6.678 3.298 5.709 2.098 "virginica"
33 7.202 3.214 6.009 1.787 "virginica"
33 6.202 2.812 4.798 1.8 "virginica"
33 6.098 2.986 4.912 1.803 "virginica"
33 6.398 2.816 5.587 2.092 "virginica"
33 7.197 2.988 5.796 1.595 "virginica"
33 7.403 2.797 6.092 1.886 "virginica"
33 7.879 3.813 6.396 1.996 "virginica"
33 6.393 2.802 5.603 2.199 "virginica"
33 6.307 2.79 5.111 1.502 "virginica"
33 6.092 2.599 5.591 1.402 "virginica"
33 7.696 2.997 6.108 2.303 "virginica"
33 6.312 3.403 5.605 2.41 "virginica"
33 6.388 3.098 5.496 1.805 "virginica"
33 6.003 2.994 4.804 1.785 "virginica"
33 6.897 3.107 5.416 2.084 "virginica"
33 6.701 3.11 5.593 2.395 "virginica"
33 6.912 3.111 5.108 2.291 "virginica"
33 5.787 2.68 5.105 1.896 "virginica"
33 6.788 3.207 5.888 2.299 "virginica"
33 6.709 3.289 5.701 2.509 "virginica"
33 6.694 3.005 5.211 2.292 "virginica"
33 6.293 2.503 4.984 1.904 "virginica"
33 6.506 2.999 5.194 1.998 "virginica"
33 6.201 3.385 5.405 2.288 "virginica"
33 5.902 2.998 5.125 1.802 "virginica"
