10 5.093 3.487 1.411 0.181 "setosa"
10 4.908 2.992 1.408 0.188 "setosa"
10 4.71 3.202 1.288 0.198 "setosa"
10 4.601 3.094 1.509 0.197 "setosa"
10 4.995 3.592 1.394 0.212 "setosa"
10 5.416 3.915 1.699 0.403 "setosa"
10 4.602 3.389 1.393 0.29 "setosa"
10 5.003 3.4 1.503 0.173 "setosa"
10 4.391 2.885 1.409 0.203 "setosa"
10 4.91 3.118 1.511 0.097 "setosa"
10 5.41 3.707 1.51 0.204 "setosa"
10 4.804 3.407 1.595 0.186 "setosa"
10 4.802 2.993 1.401 0.11 "setosa"
10 4.316 2.997 1.099 0.13 "setosa"
10 5.784 4.006 1.209 0.198 "setosa"
10 5.707 4.396 1.499 0.407 "setosa"
10 5.403 3.891 1.328 0.411 "setosa"
10 5.107 3.496 1.387 0.304 "setosa"
10 5.707 3.803 1.694 0.312 "setosa"
10 5.096 3.807 1.499 0.294 "setosa"
10 5.392 3.404 1.685 0.207 "setosa"
10 5.099 3.709 1.493 0.405 "setosa"
10 4.603 3.587 0.999 0.186 "setosa"
10 5.099 3.292 1.679 0.509 "setosa"
10 4.799 3.419 1.897 0.193 "setosa"
10 4.997 2.976 1.598 0.186 "setosa"
10 5.006 3.402 1.604 0.396 "setosa"
10 5.192 3.517 1.497 0.196 "setosa"
10 5.197 3.402 1.383 0.194 "setosa"
10 4.714 3.197 1.616 0.199 "setosa"
10 4.796 3.097 1.59 0.199 "setosa"
10 5.395 3.397 1.514 0.387 "setosa"
10 5.194 4.091 1.518 0.087 "setosa"
10 5.504 4.2 1.399 0.208 "setosa"
10 4.9 3.111 1.498 0.194 "setosa"
10 5.006 3.183 1.197 0.188 "setosa"
10 5.511 3.509 1.303 0.217 "setosa"
10 4.895 3.606 1.396 0.097 "setosa"
10 4.394 3.006 1.294 0.182 "setosa"
10 5.084 3.399 1.512 0.189 "setosa"
10 5 3.5 1.304 0.294 "setosa"
10 4.509 2.289 1.298 0.299 "setosa"
10 4.395 3.197 1.298 0.192 "setosa"
10 5.017 3.5 1.597 0.594 "setosa"
10 5.117 3.804 1.888 0.398 "setosa"
10 4.774 3 1.405 0.302 "setosa"
10 5.099 3.794 1.614 0.2 "setosa"
10 4.591 3.202 1.39 0.178 "setosa"
10 5.327 3.702 1.502 0.199 "setosa"
10 5.01 3.312 1.408 0.199 "setosa"
10 7.013 3.21 4.696 1.387 "versicolor"
10 6.39 3.195 4.486 1.481 "versicolor"
10 6.906 3.107 4.919 1.498 "versicolor"
10 5.495 2.304 3.995 1.316 "versicolor"
10 6.498 2.773 4.593 1.496 "versicolor"
10 5.706 2.815 4.498 1.306 "versicolor"
10 6.302 3.286 4.711 1.6 "versicolor"
10 4.895 2.416 3.304 1.008 "versicolor"
10 6.597 2.898 4.6 1.308 "versicolor"
10 5.199 2.694 3.91 1.395 "versicolor"
10 4.993 1.996 3.501 1.01 "versicolor"
10 5.904 3.008 4.195 1.509 "versicolor"
10 6.002 2.199 3.992 0.985 "versicolor"
10 6.102 2.905 4.693 1.402 "versicolor"
10 5.604 2.904 3.612 1.305 "versicolor"
10 6.704 3.097 4.413 1.389 "versicolor"
10 5.583 2.981 4.491 1.507 "versicolor"
10 5.807 2.697 4.096 1 "versicolor"
10 6.206 2.219 4.501 1.523 "versicolor"
10 5.596 2.499 3.897 1.089 "versicolor"
10 5.894 3.206 4.794 1.808 "versicolor"
10 6.1 2.801 4.01 1.302 "versicolor"
10 6.302 2.506 4.895 1.492 "versicolor"
10 6.103 2.796 4.684 1.2 "versicolor"
10 6.407 2.889 4.306 1.297 "versicolor"
10 6.608 3.002 4.419 1.403 "versicolor"
10 6.785 2.797 4.784 1.407 "versicolor"
10 6.706 3.002 4.997 1.706 "versicolor"
10 6.006 2.897 4.495 1.491 "versicolor"
10 5.71 2.602 3.498 1.005 "versicolor"
10 5.494 2.396 3.815 1.092 "versicolor"
10 5.499 2.397 3.697 1.001 "versicolor"
10 5.795 2.716 3.899 1.197 "versicolor"
10 5.991 2.694 5.097 1.604 "versicolor"
10 5.394 3.001 4.494 1.503 "versicolor"
10 5.994 3.401 4.484 1.591 "versicolor"
10 6.699 3.103 4.698 1.522 "versicolor"
10 6.31 2.29 4.403 1.308 "versicolor"
10 5.603 2.993 4.105 1.306 "versicolor"
10 5.511 2.497 4.004 1.29 "versicolor"
10 5.499 2.6 4.386 1.193 "versicolor"
10 6.095 3.02 4.579 1.407 "versicolor"
10 5.799 2.599 4.018 1.233 "versicolor"
10 4.994 2.282 3.301 0.989 "versicolor"
10 5.592 2.703 4.199 1.314 "versicolor"
10 5.698 2.993 4.209 1.2 "versicolor"
10 5.706 2.914 4.202 1.304 "versicolor"
10 6.2 2.897 4.309 1.301 "versicolor"
10 5.09 2.505 3.003 1.099 "versicolor"
10 5.706 2.795 4.107 1.315 "versicolor"
10 6.291 3.303 5.985 2.505 "virginica"
10 5.805 2.705 5.095 1.911 "virginica"
10 7.107 2.999 5.903 2.101 "virginica"
10 6.309 2.904 5.596 1.793 "virginica"
10 6.508 2.992 5.804 2.205 "virginica"
10 7.588 3.005 6.59 2.11 "virginica"
10 4.902 2.497 4.504 1.693 "virginica"
10 7.287 2.887 6.298 1.801 "virginica"
10 6.715 2.498 5.804 1.796 "virginica"
10 7.195 3.599 6.092 2.509 "virginica"
10 6.492 3.186 5.072 2.01 "virginica"
10 6.406 2.705 5.298 1.9 "virginica"
10 6.795 2.99 5.501 2.101 "virginica"
10 5.711 2.496 5.003 1.999 "virginica"
10 5.798 2.785 5.113 2.403 "virginica"
10 6.401 3.186 5.302 2.28 "virginica"
10 6.495 3.003 5.51 1.795 "virginica"
10 7.708 3.783 6.718 2.194 "virginica"
10 7.702 2.601 6.881 2.3 "virginica"
10 6.011 2.216 4.978 1.501 "virginica"
10 6.912 3.215 5.713 2.307 "virginica"
10 5.616 2.797 4.918 2.016 "virginica"
10 7.717 2.807 6.697 1.987 "virginica"
10 6.3 2.691 4.893 1.813 "virginica"
10 6.707 3.298 5.708 2.094 "virginica"
10 7.197 3.193 5.997 1.795 "virginica"
10 6.184 2.806 4.79 1.816 "virginica"
10 6.107 2.988 4.885 1.8 "virginica"
10 6.406 2.801 5.594 2.098 "virginica"
10 7.21 2.993 5.791 1.593 "virginica"
10 7.403 2.817 6.11 1.92 "virginica"
10 7.909 3.806 6.406 2.003 "virginica"
10 6.406 2.79 5.626 2.195 "virginica"
10 6.302 2.793 5.071 1.497 "virginica"
10 6.091 2.612 5.597 1.4 "virginica"
10 7.69 3.001 6.081 2.3 "virginica"
10 6.31 3.392 5.612 2.406 "virginica"
10 6.392 3.084 5.479 1.8 "virginica"
10 5.993 2.996 4.801 1.796 "virginica"
10 6.888 3.099 5.386 2.125 "virginica"
10 6.725 3.096 5.605 2.392 "virginica"
10 6.887 3.093 5.099 2.311 "virginica"
10 5.802 2.688 5.1 1.907 "virginica"
10 6.821 3.21 5.883 2.306 "virginica"
10 6.696 3.295 5.683 2.502 "virginica"
10 6.711 3.001 5.204 2.308 "virginica"
10 6.321 2.502 4.995 1.899 "virginica"
10 6.511 3.005 5.218 2.01 "virginica"
10 6.203 3.404 5.4 2.314 "virginica"
10 5.898 2.987 5.094 1.807 "virginica"
